39 
41 
52 
67 
74 
80 
83 
88 
93 
137 
138 
140 
141 
156 
166 
168 
193 
197 
216 
249 
287 
288 
299 
300 
302 
307 
317 
333 
336 
340 
356 
363 
370 
388 
391 
397 
404 
408 
417 
422 
425 
435 
437 
453 
478 
496 
509 
517 
521 
540 
546 
551 
552 
574 
580 
600 
604 
608 
615 
620 
642 
646 
649 
662 
663 
682 
700 
716 
727 
733 
735 
742 
744 
748 
750 
751 
753 
758 
762 
772 
773 
777 
779 
783 
792 
796 
798 
808 
835 
838 
860 
862 
865 
876 
882 
889 
894 
897 
905 
914 
923 
924 
956 
961 
968 
971 
978 
980 
983 
992 
997 
998 
1010 
1018 
1033 
1045 
1049 
1057 
1065 
1068 
1076 
1082 
1100 
1121 
1129 
1137 
1145 
1158 
1160 
1165 
1183 
1184 
1188 
1193 
1207 
1212 
1214 
1218 
1235 
1240 
1255 
1273 
1278 
1301 
1326 
1343 
1357 
1374 
1375 
1389 
1395 
1403 
1414 
1416 
1446 
1458 
1460 
1463 
1492 
1509 
1541 
1550 
1558 
1561 
1569 
1584 
1623 
1632 
1638 
1646 
1650 
1655 
1657 
1659 
1665 
1669 
1681 
1691 
1695 
1729 
1739 
1743 
1754 
1758 
1776 
1777 
1778 
1783 
1793 
1799 
1821 
1826 
1844 
1847 
1856 
1873 
1881 
1895 
1903 
1925 
1949 
1960 
1980 
1993 
1995 
2002 
2013 
2024 
2035 
2041 
2050 
2051 
2056 
2060 
2062 
2064 
2085 
2102 
2112 
2177 
2185 
2189 
2190 
2205 
2231 
2241 
2251 
2254 
2269 
2289 
2290 
2299 
2300 
2313 
2323 
2334 
2356 
2362 
2365 
2375 
2379 
2409 
2424 
2433 
2445 
2456 
2502 
2511 
2517 
2539 
2554 
2568 
2573 
2576 
2589 
2597 
2601 
2607 
2610 
2638 
2642 
2649 
2655 
2660 
2674 
2682 
2688 
2689 
2692 
2694 
2716 
2734 
2739 
2774 
2781 
2793 
2794 
2798 
2809 
2810 
2822 
2826 
2837 
2858 
2865 
2879 
2880 
2891 
2904 
2921 
2948 
2955 
2972 
2985 
2986 
2994 
2997 
3006 
3047 
3085 
3088 
3093 
3096 
3108 
3120 
3134 
3136 
3157 
3190 
3191 
3221 
3234 
3238 
3244 
3247 
3268 
3269 
3278 
3284 
3289 
3327 
3355 
3356 
3369 
3373 
3375 
3376 
3381 
3388 
3389 
3390 
3410 
3418 
3422 
3443 
3448 
3452 
3458 
3462 
3463 
3480 
3483 
3491 
3495 
3510 
3512 
3514 
3531 
3534 
3536 
3558 
3568 
3584 
3594 
3602 
3617 
3620 
3622 
3627 
3629 
3657 
3658 
3663 
3685 
3698 
3703 
3759 
3762 
3769 
3782 
3794 
3796 
3801 
3823 
3843 
3849 
3851 
3868 
3869 
3881 
3892 
3900 
3914 
3916 
3926 
3928 
3941 
3944 
3957 
3959 
3960 
4016 
4017 
4039 
4051 
4054 
4057 
4067 
4070 
4089 
4090 
4094 
4106 
4117 
4122 
4135 
4137 
4141 
4149 
4160 
4165 
4167 
4179 
4198 
4201 
4204 
4234 
4243 
4249 
4255 
4257 
4262 
4278 
4286 
4291 
4296 
4302 
4317 
4333 
4350 
4356 
4357 
4360 
4367 
4399 
4401 
4411 
4419 
4423 
4441 
4451 
4453 
4454 
4466 
4470 
4495 
4525 
4535 
4572 
4593 
4598 
4609 
4613 
4614 
4626 
4632 
4639 
4645 
4652 
4672 
4674 
4677 
4678 
4681 
4721 
4737 
4745 
4749 
4760 
4773 
4777 
4780 
4786 
4788 
4799 
4805 
4813 
4844 
4849 
4863 
4870 
4871 
4877 
4928 
4941 
4943 
4952 
4962 
4967 
4970 
4991 
5014 
5020 
5034 
5040 
5083 
5095 
5103 
5105 
5108 
5120 
5143 
5145 
5161 
5186 
5188 
5192 
5195 
5198 
5206 
5210 
5215 
5244 
5248 
5260 
5289 
5313 
5320 
5321 
5327 
5328 
5342 
5349 
5352 
5369 
5371 
5373 
5395 
5399 
5404 
5421 
5425 
5438 
5439 
5448 
5449 
5450 
5474 
5477 
5478 
5482 
5491 
5498 
5502 
5515 
5519 
5523 
5527 
5532 
5541 
5542 
5546 
5548 
5558 
5560 
5564 
5565 
5572 
5578 
5601 
5606 
5627 
5640 
5643 
5644 
5649 
5654 
5661 
5668 
5681 
5683 
5753 
5765 
5777 
5784 
5794 
5798 
5808 
5835 
5836 
5849 
5866 
5869 
5884 
5892 
5894 
5909 
5928 
5935 
5941 
5942 
5943 
5951 
5953 
5954 
5957 
5962 
5963 
5967 
5971 
5972 
5973 
5974 
5983 
5986 
5987 
6005 
6017 
6047 
6065 
6090 
6102 
6106 
6113 
6137 
6148 
6186 
6214 
6226 
6232 
6237 
6248 
6252 
6275 
6300 
6333 
6340 
6341 
6347 
6371 
6374 
6379 
6392 
6403 
6409 
6415 
6420 
6422 
6431 
6451 
6454 
6461 
6466 
6479 
6480 
6484 
6489 
6505 
6556 
6579 
6589 
6594 
6596 
6628 
6642 
6647 
6649 
6658 
6661 
6669 
6673 
6675 
6685 
6690 
6697 
6705 
6718 
6743 
6751 
6761 
6773 
6790 
6805 
6811 
6817 
6819 
6823 
6829 
6832 
6846 
6852 
6860 
6867 
6868 
6869 
6872 
6873 
6882 
6888 
6890 
6894 
6898 
6903 
6904 
6910 
6929 
6938 
6942 
6946 
6952 
6966 
6970 
6980 
6994 
7005 
7006 
7007 
7026 
7035 
7043 
7048 
7079 
7085 
7116 
7118 
7119 
7122 
7136 
7139 
7148 
7156 
7160 
7161 
7196 
7203 
7213 
7219 
7231 
7237 
7248 
7253 
7255 
7267 
7268 
7279 
7285 
7300 
7304 
7320 
7344 
7347 
7369 
7376 
7389 
7401 
7403 
7406 
7407 
7436 
7461 
7468 
7472 
7484 
7486 
7513 
7526 
7535 
7539 
7540 
7549 
7553 
7577 
7590 
7592 
7608 
7617 
7624 
7640 
7642 
7648 
7657 
7670 
7677 
7680 
7683 
7690 
7693 
7695 
7705 
7739 
7746 
7747 
7751 
7777 
7790 
7806 
7810 
7815 
7827 
7852 
7856 
7857 
7869 
7878 
7898 
7902 
7920 
7953 
7959 
7963 
7975 
7976 
7984 
7986 
7990 
7991 
8006 
8028 
8032 
8035 
8041 
8049 
8068 
8069 
8073 
8110 
8158 
8162 
8170 
8194 
8198 
8203 
8204 
8209 
8215 
8218 
8219 
8220 
8221 
8225 
8241 
8249 
8260 
8273 
8292 
8298 
8315 
8320 
8333 
8349 
8350 
8371 
8388 
8400 
8406 
8419 
8428 
8449 
8450 
8451 
8454 
8462 
8466 
8473 
8481 
8500 
8505 
8506 
8508 
8510 
8524 
8591 
8597 
8603 
8634 
8645 
8646 
8687 
8696 
8697 
8706 
8711 
8715 
8721 
8739 
8744 
8760 
8777 
8788 
8790 
8792 
8826 
8844 
8873 
8897 
8907 
8916 
8925 
8926 
8931 
8958 
8966 
8971 
8974 
8980 
8998 
9017 
9035 
9068 
9082 
9086 
9095 
9097 
9108 
9111 
9124 
9134 
9136 
9139 
9149 
9169 
9170 
9171 
9177 
9182 
9184 
9185 
9194 
9198 
9203 
9206 
9213 
9233 
9236 
9258 
9261 
9268 
9277 
9278 
9299 
9342 
9348 
9360 
9361 
9363 
9368 
9369 
9381 
9385 
9388 
9404 
9410 
9421 
9435 
9437 
9460 
9461 
9474 
9478 
9512 
9520 
9523 
9533 
9535 
9564 
9566 
9593 
9602 
9604 
9610 
9621 
9623 
9642 
9647 
9656 
9657 
9663 
9674 
9693 
9712 
9713 
9725 
9741 
9748 
9773 
9784 
9792 
9809 
9814 
9823 
9826 
9827 
9845 
9847 
9864 
9871 
9876 
9884 
9888 
9890 
9897 
9900 
9901 
9909 
9949 
9950 
9953 
9954 
9958 
9978 
10010 
10018 
10051 
10057 
10069 
10071 
10072 
10081 
10086 
10088 
10137 
10141 
10146 
10159 
10179 
10188 
10212 
10230 
10232 
10235 
10238 
10250 
10284 
10291 
10300 
10322 
10346 
10349 
10424 
10429 
10439 
10449 
10461 
10475 
10478 
10485 
10487 
10488 
10505 
10508 
10519 
10525 
10538 
10544 
10550 
10559 
10572 
10575 
10583 
10586 
10587 
10608 
10617 
10639 
10640 
10642 
10665 
10673 
10686 
10694 
10704 
10726 
10749 
10764 
10778 
10786 
10795 
10810 
10814 
10816 
10857 
10869 
10872 
10878 
10909 
10911 
10916 
10926 
10928 
10934 
10940 
10958 
10960 
10961 
10992 
10994 
11008 
11012 
11015 
11016 
11017 
11028 
11030 
11033 
11036 
11040 
11048 
11049 
11053 
11064 
11081 
11094 
11117 
11119 
11125 
11140 
11142 
11176 
11187 
11193 
11202 
11208 
11209 
11224 
11254 
11259 
11274 
11296 
11298 
11300 
11307 
11308 
11315 
11325 
11333 
11335 
11345 
11351 
11367 
11375 
11378 
11381 
11384 
11386 
11404 
11405 
11413 
11418 
11421 
11427 
11432 
11468 
11475 
11476 
11483 
11506 
11511 
11535 
11548 
11564 
11571 
11583 
11590 
11615 
11654 
11680 
11685 
11693 
11703 
11716 
11727 
11731 
11738 
11757 
11767 
11770 
11784 
11789 
11793 
11802 
11804 
11805 
11806 
11807 
11808 
11818 
11821 
11826 
11827 
11839 
11848 
11864 
11866 
11887 
11904 
11978 
12000 
12005 
12014 
12025 
12036 
12068 
12103 
12136 
12146 
12164 
12179 
12180 
12189 
12197 
12212 
12215 
12235 
12243 
12245 
12249 
12251 
12262 
12267 
12278 
12280 
12288 
12316 
12333 
12338 
12344 
12346 
12349 
12355 
12356 
12369 
12378 
12421 
12435 
12438 
12442 
12444 
12461 
12466 
12479 
12496 
12503 
12522 
12530 
12543 
12546 
12553 
12589 
12591 
12604 
12610 
12620 
12625 
12667 
12672 
12678 
12685 
12686 
12689 
12701 
12715 
12732 
12741 
12758 
12788 
12812 
12816 
12821 
12828 
12839 
12847 
12849 
12855 
12874 
12891 
12897 
12902 
12903 
12913 
12917 
12920 
12934 
12939 
12953 
12956 
12984 
12992 
13005 
13009 
13025 
13039 
13049 
13078 
13085 
13101 
13103 
13115 
13124 
13131 
13133 
13140 
13155 
13180 
13201 
13211 
13215 
13219 
13225 
13234 
13246 
13249 
13259 
13281 
13288 
13293 
13306 
13309 
13313 
13322 
13329 
13345 
13347 
13362 
13363 
13376 
13380 
13383 
13398 
13404 
13406 
13411 
13421 
13438 
13445 
13460 
13472 
13476 
13494 
13495 
13496 
13503 
13505 
13506 
13511 
13514 
13515 
13532 
13537 
13546 
13577 
13583 
13589 
13597 
13599 
13621 
13635 
13641 
13665 
13690 
13701 
13731 
13760 
13772 
13781 
13791 
13792 
13796 
13817 
13834 
13843 
13845 
13859 
13865 
13876 
13901 
13902 
13904 
13917 
13919 
13920 
13927 
13957 
13964 
13968 
13971 
13974 
13991 
14000 
14003 
14017 
14036 
14044 
14049 
14053 
14069 
14089 
14095 
14105 
14121 
14130 
14146 
14149 
14162 
14180 
14181 
14205 
14243 
14278 
14279 
14285 
14293 
14294 
14302 
14325 
14329 
14352 
14382 
14396 
14411 
14413 
14426 
14444 
14446 
14456 
14458 
14480 
14489 
14491 
14509 
14516 
14534 
14540 
14542 
14546 
14570 
14572 
14573 
14575 
14589 
14633 
14659 
14663 
14665 
14668 
14670 
14671 
14722 
14758 
14761 
14779 
14785 
14793 
14814 
14833 
14859 
14865 
14877 
14887 
14888 
14898 
14940 
14951 
14972 
14980 
14984 
14985 
14986 
14987 
14997 
15014 
15033 
15065 
15070 
15101 
15107 
15114 
15120 
15121 
15123 
15133 
15138 
15139 
15140 
15149 
15160 
15170 
15173 
15182 
15188 
15197 
15200 
15217 
15219 
15221 
15223 
15229 
15230 
15232 
15236 
15244 
15275 
15279 
15294 
15296 
15298 
15301 
15303 
15304 
15320 
15323 
15355 
15359 
15384 
15394 
15395 
15415 
15418 
15420 
15422 
15434 
15436 
15437 
15440 
15458 
15463 
15476 
15477 
15482 
15485 
15491 
15505 
15506 
15520 
15522 
15530 
15537 
15541 
15544 
15551 
15568 
15572 
15577 
15597 
15608 
15621 
15623 
15656 
15661 
15666 
15667 
15679 
15694 
15707 
15708 
15717 
15719 
15729 
15733 
15736 
15740 
15744 
15748 
15754 
15756 
15757 
15766 
15767 
15775 
15777 
15781 
15788 
15793 
15798 
15834 
15841 
15848 
15855 
15862 
15863 
15874 
15897 
15902 
15903 
15935 
15952 
15998 
16008 
16018 
16059 
16064 
16078 
16079 
16082 
16091 
16114 
16137 
16144 
16202 
16209 
16211 
16216 
16226 
16232 
16250 
16263 
16272 
16275 
16277 
16279 
16296 
16313 
16321 
16326 
16345 
16368 
16403 
16405 
16407 
16413 
16435 
16448 
16456 
16462 
16464 
16502 
16512 
16520 
16536 
16537 
16546 
16547 
16555 
16561 
16563 
16569 
16592 
16595 
16603 
16607 
16619 
16630 
16634 
16640 
16642 
16645 
16657 
16661 
16672 
16690 
16697 
16698 
16706 
16716 
16721 
16739 
16755 
16759 
16781 
16785 
16788 
16789 
16792 
16795 
16796 
16806 
16812 
16820 
16824 
16826 
16830 
16840 
16870 
16875 
16884 
16886 
16891 
16902 
16912 
16932 
16942 
16944 
16950 
16954 
16961 
16962 
16975 
16997 
17006 
17015 
17016 
17029 
17045 
17063 
17070 
17086 
17093 
17110 
17113 
17124 
17135 
17170 
17184 
17202 
17204 
17205 
17241 
17247 
17278 
17279 
17284 
17288 
17307 
17345 
17348 
17350 
17352 
17357 
17366 
17367 
17375 
17390 
17408 
17434 
17443 
17447 
17533 
17543 
17552 
17553 
17612 
17624 
17643 
17647 
17671 
17686 
17687 
17716 
17722 
17729 
17733 
17737 
17740 
17743 
17751 
17755 
17767 
17806 
17842 
17884 
17897 
17912 
17915 
17936 
17937 
17938 
17940 
17948 
17952 
17961 
17979 
17983 
17986 
17992 
18030 
18046 
18047 
18048 
18049 
18062 
18070 
18076 
18079 
18092 
18100 
18101 
18109 
18111 
18126 
18142 
18169 
18171 
18182 
18183 
18186 
18191 
18194 
18199 
18208 
18210 
18213 
18214 
18215 
18223 
18232 
18246 
18252 
18256 
18268 
18271 
18287 
18309 
18310 
18315 
18324 
18325 
18330 
18332 
18337 
18339 
18352 
18355 
18356 
18376 
18380 
18381 
18390 
18398 
18432 
18435 
18458 
18468 
18469 
18474 
18476 
18486 
18488 
18489 
18513 
18514 
18515 
18518 
18554 
18558 
18561 
18563 
18575 
18582 
18591 
18604 
18607 
18615 
18652 
18655 
18657 
18683 
18686 
18705 
18711 
18714 
18734 
18741 
18754 
18755 
18756 
18759 
18770 
18780 
18790 
18807 
18832 
18837 
18840 
18856 
18862 
18890 
18894 
18906 
18913 
18925 
18977 
18990 
19006 
19013 
19033 
19060 
19067 
19069 
19075 
19080 
19091 
19093 
19094 
19098 
19128 
19133 
19142 
19147 
19165 
19178 
19183 
19187 
19190 
19196 
19215 
19224 
19253 
19271 
19288 
19326 
19362 
19366 
19382 
19390 
19404 
19411 
19419 
19423 
19430 
19438 
19445 
19458 
19459 
19469 
19476 
19481 
19493 
19498 
19500 
19506 
19525 
19550 
19566 
19577 
19588 
19591 
19599 
19616 
19625 
19657 
19668 
19673 
19676 
19695 
19716 
19750 
19757 
19758 
19761 
19772 
19796 
19813 
19815 
19816 
19830 
19831 
19837 
19848 
19853 
19864 
19882 
19885 
19895 
19915 
19923 
19947 
19962 
19971 
19982 
19983 
19985 
19986 
19999 
20026 
20027 
20029 
20041 
20044 
20058 
20074 
20078 
20082 
20098 
20127 
20133 
20178 
20192 
20201 
20212 
20217 
20231 
20234 
20247 
20250 
20257 
20289 
20312 
20321 
20323 
20339 
20366 
20369 
20392 
20394 
20399 
20411 
20415 
20440 
20451 
20455 
20461 
20464 
20471 
20485 
20501 
20506 
20511 
20520 
20522 
20523 
20558 
20573 
20579 
20580 
20582 
20583 
20596 
20598 
20600 
20609 
20640 
20646 
20649 
20652 
20665 
20669 
20672 
20679 
20689 
20699 
20708 
20717 
20718 
20778 
20781 
20789 
20794 
20795 
20796 
20797 
20802 
20815 
20822 
20834 
20838 
20848 
20872 
20883 
20887 
20892 
20902 
20920 
20946 
20948 
20955 
20956 
20967 
20970 
20972 
20973 
20985 
20991 
20997 
21005 
21014 
21028 
21055 
21067 
21069 
21072 
21083 
21112 
21125 
21131 
21138 
21155 
21174 
21180 
21197 
21199 
21204 
21222 
21242 
21261 
21264 
21265 
21288 
21296 
21318 
21329 
21333 
21348 
21350 
21351 
21357 
21364 
21372 
21376 
21382 
21394 
21401 
21406 
21425 
21441 
21466 
21485 
21486 
21487 
21492 
21506 
21508 
21515 
21523 
21525 
21532 
21536 
21547 
21556 
21561 
21569 
21571 
21576 
21577 
21586 
21621 
21626 
21630 
21631 
21633 
21643 
21647 
21648 
21663 
21697 
21735 
21740 
21742 
21745 
21785 
21788 
21804 
21816 
21833 
21838 
21844 
21847 
21861 
21867 
21868 
21889 
21897 
21905 
21917 
21922 
21925 
21937 
21946 
21961 
21969 
21974 
21985 
21986 
21989 
21998 
22000 
22016 
22019 
22024 
22028 
22030 
22041 
22052 
22061 
22062 
22063 
22070 
22078 
22085 
22086 
22091 
22094 
22099 
22120 
22142 
22143 
22161 
22178 
22179 
22196 
22198 
22212 
22214 
22222 
22235 
22261 
22263 
22273 
22284 
22285 
22290 
22292 
22314 
22319 
22345 
22350 
22353 
22355 
22359 
22361 
22388 
22391 
22394 
22395 
22398 
22401 
22413 
22417 
22420 
22434 
22450 
22452 
22464 
22466 
22504 
22518 
22527 
22529 
22538 
22541 
22544 
22548 
22565 
22567 
22572 
22584 
22589 
22611 
22612 
22619 
22633 
22643 
22660 
22663 
22673 
22682 
22699 
22719 
22733 
22752 
22756 
22769 
22797 
22804 
22819 
22820 
22821 
22829 
22834 
22842 
22852 
22873 
22878 
22902 
22905 
22912 
22914 
22929 
22933 
22945 
22953 
22973 
22982 
22991 
22992 
23008 
23033 
23043 
23048 
23085 
23101 
23107 
23115 
23123 
23129 
23133 
23138 
23152 
23156 
23163 
23170 
23187 
23190 
23194 
23212 
23215 
23227 
23236 
23243 
23263 
23319 
23320 
23322 
23323 
23339 
23340 
23367 
23384 
23388 
23398 
23412 
23415 
23424 
23427 
23430 
23440 
23449 
23456 
23457 
23458 
23459 
23465 
23473 
23480 
23533 
23551 
23561 
23572 
23582 
23585 
23593 
23616 
23645 
23658 
23663 
23665 
23673 
23678 
23713 
23726 
23727 
23730 
23736 
23747 
23755 
23757 
23762 
23763 
23775 
23782 
23800 
23801 
23829 
23833 
23836 
23846 
23847 
23865 
23884 
23919 
23937 
23947 
23952 
23957 
23977 
23982 
23988 
24009 
24011 
24021 
24050 
24063 
24068 
24083 
24084 
24088 
24109 
24135 
24149 
24150 
24154 
24157 
24158 
24176 
24188 
24211 
24215 
24226 
24257 
24260 
24265 
24270 
24281 
24283 
24289 
24300 
24308 
24320 
24332 
24334 
24342 
24380 
24387 
24391 
24394 
24400 
24404 
24407 
24415 
24432 
24439 
24440 
24463 
24477 
24478 
24486 
24488 
24496 
24497 
24516 
24520 
24530 
24537 
24552 
24556 
24568 
24578 
24607 
24610 
24617 
24619 
24638 
24673 
24681 
24687 
24704 
24708 
24728 
24748 
24752 
24788 
24791 
24799 
24821 
24823 
24831 
24842 
24851 
24852 
24879 
24905 
24917 
24918 
24930 
24936 
24939 
24943 
24958 
24994 
25012 
25017 
25022 
25052 
25060 
25070 
25076 
25079 
25080 
25096 
25102 
25108 
25112 
25122 
25127 
25138 
25142 
25148 
25149 
25156 
25157 
25164 
25169 
25206 
25213 
25221 
25226 
25228 
25229 
25248 
25252 
25257 
25258 
25264 
25293 
25298 
25308 
25319 
25324 
25336 
25343 
25357 
25360 
25383 
25387 
25390 
25395 
25421 
25428 
25429 
25440 
25441 
25453 
25454 
25475 
25499 
25500 
25503 
25535 
25553 
25560 
25563 
25576 
25585 
25616 
25622 
25627 
25632 
25642 
25702 
25719 
25720 
25729 
25743 
25757 
25781 
25798 
25813 
25814 
25817 
25834 
25836 
25847 
25849 
25859 
25869 
25871 
25897 
25923 
25933 
25941 
25943 
25952 
25958 
25963 
25974 
26021 
26023 
26028 
26030 
26040 
26041 
26071 
26075 
26093 
26101 
26118 
26123 
26135 
26150 
26154 
26171 
26177 
26185 
26191 
26211 
26264 
26289 
26301 
26303 
26307 
26314 
26318 
26351 
26356 
26360 
26386 
26390 
26399 
26412 
26419 
26434 
26441 
26455 
26473 
26475 
26476 
26483 
26493 
26500 
26509 
26517 
26520 
26526 
26569 
26589 
26630 
26636 
26644 
26650 
26662 
26666 
26695 
26707 
26735 
26736 
26746 
26754 
26761 
26793 
26835 
26842 
26856 
26858 
26862 
26867 
26883 
26897 
26908 
26938 
26957 
26962 
26965 
26969 
26976 
26994 
26997 
27002 
27008 
27025 
27058 
27060 
27085 
27097 
27106 
27128 
27146 
27154 
27156 
27166 
27170 
27192 
27199 
27205 
27225 
27226 
27231 
27256 
27282 
27287 
27298 
27313 
27354 
27355 
27356 
27360 
27393 
27421 
27423 
27430 
27436 
27442 
27447 
27453 
27461 
27464 
27475 
27477 
27478 
27480 
27481 
27497 
27498 
27499 
27516 
27518 
27526 
27527 
27528 
27535 
27545 
27555 
27565 
27572 
27576 
27578 
27580 
27586 
27598 
27600 
27601 
27602 
27606 
27614 
27621 
27630 
27659 
27670 
27671 
27693 
27696 
27717 
27720 
27722 
27723 
27733 
27778 
27779 
27790 
27795 
27829 
27836 
27861 
27863 
27864 
27877 
27878 
27886 
27887 
27892 
27900 
27913 
27924 
27949 
27971 
27979 
27992 
28055 
28061 
28067 
28076 
28081 
28086 
28097 
28099 
28117 
28126 
28141 
28145 
28164 
28167 
28168 
28189 
28221 
28224 
28232 
28238 
28243 
28258 
28263 
28276 
28284 
28322 
28336 
28338 
28343 
28356 
28378 
28399 
28400 
28432 
28461 
28476 
28494 
28498 
28502 
28517 
28519 
28524 
28546 
28550 
28562 
28581 
28591 
28625 
28632 
28650 
28654 
28658 
28688 
28708 
28746 
28750 
28761 
28787 
28826 
28827 
28840 
28847 
28869 
28870 
28876 
28887 
28893 
28894 
28900 
28904 
28908 
28928 
28933 
28976 
28991 
28992 
29000 
29002 
29006 
29029 
29030 
29032 
29035 
29044 
29045 
29067 
29084 
29094 
29097 
29119 
29121 
29122 
29125 
29133 
29136 
29151 
29180 
29239 
29243 
29252 
29254 
29256 
29269 
29277 
29293 
29295 
29297 
29309 
29334 
29338 
29347 
29358 
29362 
29364 
29397 
29402 
29420 
29432 
29445 
29464 
29477 
29478 
29493 
29495 
29499 
29500 
29527 
29554 
29555 
29560 
29577 
29579 
29581 
29594 
29608 
29615 
29628 
29634 
29641 
29670 
29675 
29691 
29698 
29712 
29720 
29724 
29733 
29734 
29752 
29753 
29757 
29763 
29794 
29800 
29809 
29811 
29813 
29823 
29831 
29836 
29849 
29888 
29893 
29896 
29933 
29959 
29973 
30002 
30004 
30005 
30010 
30013 
30019 
30054 
30062 
30068 
30070 
30085 
30098 
30117 
30140 
30149 
30169 
30170 
30175 
30179 
30181 
30190 
30204 
30205 
30221 
30226 
30228 
30251 
30254 
30274 
30288 
30290 
30304 
30306 
30309 
30314 
30322 
30323 
30324 
30340 
30372 
30389 
30415 
30429 
30430 
30435 
30442 
30445 
30449 
30473 
30485 
30534 
30543 
30548 
30549 
30550 
30554 
30563 
30565 
30570 
30577 
30579 
30592 
30594 
30598 
30631 
30634 
30638 
30639 
30644 
30657 
30690 
30698 
30701 
30708 
30717 
30719 
30744 
30745 
30751 
30762 
30771 
30776 
30801 
30802 
30866 
30879 
30888 
30910 
30915 
30918 
30928 
30952 
30955 
30977 
30986 
30995 
31004 
31006 
31013 
31020 
31026 
31027 
31031 
31035 
31040 
31048 
31051 
31054 
31059 
31069 
31091 
31103 
31149 
31173 
31187 
31198 
31208 
31213 
31240 
31261 
31268 
31282 
31312 
31314 
31335 
31353 
31364 
31373 
31376 
31386 
31390 
31407 
31441 
31453 
31467 
31471 
31482 
31523 
31548 
31556 
31561 
31584 
31605 
31614 
31620 
31621 
31624 
31629 
31646 
31647 
31649 
31650 
31652 
31655 
31657 
31659 
31672 
31683 
31706 
31718 
31728 
31734 
31741 
31765 
31766 
31772 
31777 
31779 
31791 
31799 
31802 
31806 
31813 
31855 
31857 
31860 
31873 
31874 
31898 
31909 
31910 
31931 
31937 
31939 
31941 
31945 
31946 
31947 
31948 
31958 
31967 
31972 
31974 
31978 
31989 
31993 
32020 
32028 
32033 
32040 
32041 
32043 
32061 
32068 
32077 
32086 
32088 
32089 
32101 
32105 
32110 
32129 
32135 
32138 
32179 
32190 
32202 
32208 
32209 
32225 
32236 
32238 
32265 
32269 
32270 
32277 
32286 
32295 
32301 
32303 
32314 
32320 
32325 
32329 
32330 
32331 
32351 
32380 
32388 
32442 
32450 
32459 
32482 
32487 
32498 
32511 
32514 
32517 
32522 
32525 
32531 
32542 
32548 
32569 
32575 
32604 
32609 
32618 
32651 
32654 
32658 
32666 
32672 
32687 
32690 
32694 
32700 
32706 
32708 
32710 
32721 
32732 
32751 
32754 
32766 
32767 
32773 
32797 
32799 
32830 
32846 
32849 
32861 
32866 
32873 
32878 
32893 
32895 
32903 
32947 
32950 
32969 
32970 
32984 
32986 
32990 
32994 
33030 
33051 
33066 
33073 
33076 
33095 
33126 
33127 
33145 
33160 
33189 
33214 
33223 
33228 
33236 
33253 
33257 
33265 
33277 
33278 
33287 
33291 
33317 
33320 
33325 
33350 
33357 
33358 
33383 
33399 
33420 
33426 
33433 
33438 
33465 
33480 
33501 
33502 
33511 
33526 
33530 
33536 
33547 
33551 
33553 
33582 
33596 
33614 
33621 
33627 
33629 
33631 
33639 
33650 
33657 
33662 
33678 
33688 
33691 
33695 
33697 
33700 
33718 
33719 
33722 
33738 
33743 
33745 
33757 
33770 
33775 
33782 
33784 
33838 
33845 
33867 
33871 
33877 
33888 
33897 
33908 
33922 
33946 
33963 
33968 
33998 
34029 
34034 
34067 
34070 
34071 
34075 
34090 
34097 
34107 
34110 
34135 
34137 
34138 
34149 
34151 
34160 
34165 
34173 
34177 
34193 
34196 
34211 
34219 
34246 
34247 
34248 
34257 
34295 
34298 
34301 
34302 
34308 
34331 
34342 
34414 
34422 
34428 
34434 
34440 
34465 
34487 
34493 
34510 
34525 
34532 
34533 
34540 
34553 
34562 
34580 
34581 
34582 
34589 
34609 
34624 
34652 
34653 
34656 
34685 
34698 
34720 
34754 
34755 
34767 
34771 
34779 
34783 
34813 
34814 
34832 
34841 
34849 
34862 
34891 
34894 
34924 
34925 
34929 
34956 
34961 
34963 
34971 
34975 
34981 
34990 
34994 
34997 
34999 
35033 
35037 
35049 
35052 
35060 
35086 
35087 
35089 
35097 
35109 
35119 
35121 
35122 
35126 
35127 
35137 
35147 
35155 
35174 
35177 
35178 
35180 
35188 
35225 
35241 
35253 
35283 
35315 
35339 
35353 
35361 
35362 
35386 
35394 
35400 
35402 
35411 
35429 
35441 
35448 
35451 
35460 
35502 
35512 
35516 
35528 
35566 
35567 
35599 
35600 
35602 
35612 
35638 
35644 
35658 
35665 
35666 
35679 
35683 
35684 
35737 
35743 
35746 
35757 
35758 
35763 
35776 
35796 
35797 
35801 
35815 
35819 
35847 
35864 
35878 
35884 
35903 
35904 
35914 
35915 
35938 
35961 
35999 
36001 
36063 
36065 
36074 
36098 
36107 
36120 
36125 
36127 
36129 
36139 
36153 
36158 
36165 
36194 
36207 
36210 
36231 
36233 
36237 
36241 
36255 
36258 
36281 
36283 
36298 
36299 
36320 
36326 
36344 
36373 
36375 
36394 
36398 
36400 
36403 
36405 
36406 
36410 
36416 
36422 
36423 
36453 
36465 
36467 
36492 
36496 
36497 
36508 
36514 
36535 
36538 
36544 
36547 
36553 
36559 
36561 
36575 
36580 
36583 
36584 
36585 
36588 
36593 
36598 
36624 
36636 
36640 
36646 
36649 
36651 
36657 
36673 
36688 
36715 
36721 
36722 
36740 
36745 
36746 
36761 
36766 
36771 
36773 
36777 
36787 
36832 
36836 
36844 
36849 
36859 
36870 
36871 
36879 
36881 
36882 
36888 
36890 
36892 
36903 
36904 
36907 
36911 
36917 
36923 
36927 
36934 
36950 
36966 
36976 
37002 
37024 
37044 
37056 
37065 
37066 
37076 
37100 
37107 
37112 
37117 
37123 
37126 
37130 
37133 
37136 
37161 
37195 
37213 
37228 
37233 
37234 
37238 
37241 
37263 
37265 
37275 
37279 
37280 
37285 
37296 
37301 
37323 
37335 
37351 
37354 
37373 
37387 
37397 
37416 
37427 
37460 
37467 
37486 
37495 
37497 
37517 
37518 
37527 
37536 
37537 
37548 
37550 
37560 
37565 
37567 
37579 
37602 
37612 
37615 
37625 
37627 
37634 
37635 
37642 
37665 
37671 
37712 
37714 
37750 
37770 
37775 
37786 
37794 
37802 
37813 
37826 
37835 
37851 
37866 
37872 
37874 
37875 
37885 
37890 
37918 
37926 
37964 
37970 
37975 
37981 
37996 
37998 
38001 
38006 
38017 
38033 
38034 
38035 
38044 
38069 
38077 
38087 
38089 
38103 
38110 
38150 
38169 
38174 
38177 
38182 
38189 
38191 
38196 
38200 
38209 
38223 
38227 
38259 
38265 
38271 
38276 
38305 
38314 
38375 
38380 
38387 
38392 
38415 
38420 
38425 
38437 
38441 
38446 
38471 
38473 
38475 
38499 
38500 
38505 
38512 
38513 
38514 
38524 
38526 
38542 
38543 
38544 
38550 
38552 
38556 
38580 
38584 
38608 
38611 
38628 
38648 
38652 
38656 
38660 
38684 
38692 
38698 
38752 
38762 
38768 
38784 
38786 
38790 
38797 
38799 
38887 
38893 
38899 
38906 
38933 
38944 
38950 
38952 
38964 
38984 
38999 
39000 
39009 
39031 
39047 
39053 
39054 
39101 
39109 
39115 
39118 
39129 
39134 
39147 
39149 
39162 
39168 
39179 
39180 
39182 
39193 
39199 
39202 
39212 
39219 
39225 
39230 
39241 
39242 
39261 
39263 
39269 
39276 
39286 
39291 
39296 
39297 
39307 
39327 
39337 
39351 
39355 
39362 
39371 
39373 
39388 
39395 
39420 
39421 
39429 
39431 
39444 
39446 
39450 
39485 
39501 
39508 
39527 
39542 
39543 
39547 
39548 
39563 
39567 
39574 
39594 
39604 
39649 
39651 
39665 
39695 
39710 
39717 
39732 
39783 
39784 
39808 
39839 
39848 
39855 
39866 
39870 
39878 
39891 
39898 
39902 
39904 
39917 
39938 
39941 
39943 
39984 
39987 
40021 
40044 
40047 
40049 
40053 
40066 
40076 
40081 
40085 
40095 
40099 
40104 
40114 
40117 
40143 
40177 
40200 
40204 
40212 
40213 
40228 
40236 
40245 
40246 
40269 
40278 
40304 
40311 
40333 
40354 
40359 
40368 
40378 
40384 
40388 
40400 
40407 
40414 
40423 
40440 
40444 
40451 
40452 
40466 
40474 
40475 
40483 
40503 
40510 
40512 
40513 
40515 
40527 
40545 
40547 
40582 
40610 
40633 
40662 
40669 
40670 
40685 
40718 
40733 
40734 
40737 
40742 
40760 
40761 
40802 
40804 
40822 
40837 
40838 
40841 
40851 
40852 
40864 
40879 
40882 
40888 
40896 
40923 
40930 
40941 
40942 
40946 
40947 
40953 
40961 
40964 
40965 
40969 
40970 
40997 
41004 
41029 
41046 
41056 
41062 
41069 
41075 
41082 
41090 
41128 
41134 
41142 
41144 
41147 
41155 
41168 
41181 
41185 
41186 
41201 
41204 
41206 
41255 
41276 
41298 
41303 
41317 
41353 
41375 
41401 
41413 
41453 
41455 
41464 
41484 
41510 
41511 
41525 
41535 
41545 
41574 
41575 
41584 
41592 
41593 
41599 
41618 
41632 
41635 
41682 
41683 
41720 
41731 
41734 
41737 
41741 
41753 
41765 
41768 
41801 
41827 
41830 
41841 
41869 
41892 
41895 
41928 
41932 
41942 
41960 
41962 
41964 
41967 
41969 
41993 
42002 
42010 
42027 
42064 
42068 
42072 
42085 
42107 
42115 
42125 
42127 
42134 
42145 
42152 
42174 
42176 
42180 
42184 
42185 
42191 
42194 
42201 
42202 
42213 
42221 
42263 
42271 
42281 
42282 
42308 
42318 
42325 
42350 
42372 
42377 
42388 
42425 
42429 
42445 
42447 
42453 
42471 
42472 
42479 
42490 
42500 
42502 
42508 
42513 
42523 
42533 
42546 
42547 
42558 
42571 
42585 
42600 
42603 
42605 
42606 
42618 
42632 
42634 
42650 
42653 
42657 
42672 
42673 
42685 
42701 
42726 
42732 
42733 
42745 
42768 
42773 
42774 
42780 
42799 
42808 
42824 
42827 
42839 
42840 
42846 
42849 
42867 
42878 
42900 
42905 
42912 
42937 
42977 
42986 
43008 
43011 
43050 
43052 
43057 
43071 
43105 
43112 
43128 
43133 
43138 
43148 
43149 
43180 
43192 
43194 
43199 
43200 
43202 
43211 
43216 
43222 
43223 
43239 
43242 
43265 
43267 
43271 
43283 
43311 
43335 
43349 
43354 
43358 
43363 
43401 
43425 
43461 
43463 
43472 
43485 
43491 
43495 
43502 
43514 
43525 
43527 
43530 
43538 
43546 
43555 
43560 
43568 
43571 
43577 
43591 
43599 
43611 
43616 
43617 
43628 
43642 
43644 
43667 
43691 
43695 
43701 
43702 
43721 
43725 
43731 
43751 
43782 
43784 
43794 
43795 
43797 
43804 
43812 
43816 
43845 
43847 
43877 
43888 
43893 
43906 
43910 
43916 
43919 
43921 
43961 
43966 
43972 
43982 
44000 
44017 
44020 
44036 
44046 
44050 
44069 
44070 
44079 
44086 
44087 
44090 
44093 
44125 
44129 
44131 
44139 
44144 
44163 
44168 
44188 
44192 
44209 
44210 
44216 
44217 
44223 
44243 
44257 
44258 
44271 
44272 
44276 
44285 
44286 
44287 
44294 
44302 
44328 
44347 
44362 
44364 
44367 
44371 
44387 
44403 
44407 
44419 
44422 
44440 
44442 
44444 
44452 
44465 
44482 
44484 
44526 
44539 
44541 
44569 
44617 
44645 
44647 
44665 
44674 
44689 
44717 
44737 
44738 
44763 
44775 
44783 
44791 
44798 
44802 
44809 
44843 
44853 
44860 
44865 
44872 
44878 
44890 
44898 
44899 
44915 
44927 
44943 
44946 
44978 
45040 
45057 
45093 
45097 
45098 
45110 
45113 
45161 
45164 
45173 
45183 
45194 
45196 
45244 
45259 
45277 
45280 
45293 
45302 
45307 
45319 
45335 
45339 
45355 
45365 
45371 
45382 
45385 
45392 
45393 
45409 
45443 
45445 
45450 
45452 
45458 
45471 
45488 
45499 
45505 
45522 
45536 
45542 
45552 
45556 
45566 
45576 
45591 
45597 
45598 
45599 
45617 
45634 
45664 
45665 
45668 
45670 
45679 
45682 
45687 
45728 
45744 
45745 
45751 
45764 
45770 
45792 
45794 
45839 
45860 
45869 
45880 
45882 
45885 
45896 
45904 
45914 
45915 
45922 
45945 
45946 
45978 
45988 
45992 
45993 
46000 
46006 
46007 
46021 
46029 
46049 
46055 
46057 
46080 
46093 
46094 
46101 
46111 
46163 
46169 
46187 
46191 
46197 
46220 
46240 
46243 
46245 
46255 
46263 
46297 
46304 
46326 
46334 
46339 
46368 
46371 
46377 
46417 
46421 
46429 
46454 
46464 
46465 
46482 
46486 
46505 
46519 
46522 
46533 
46547 
46582 
46611 
46620 
46632 
46637 
46643 
46644 
46648 
46652 
46655 
46660 
46672 
46708 
46711 
46724 
46725 
46778 
46780 
46802 
46814 
46823 
46832 
46836 
46871 
46879 
46886 
46890 
46908 
46914 
46922 
46925 
46926 
46974 
46996 
47031 
47044 
47048 
47067 
47113 
47132 
47145 
47154 
47166 
47168 
47174 
47186 
47196 
47202 
47203 
47209 
47216 
47225 
47226 
47243 
47248 
47252 
47274 
47295 
47366 
47380 
47384 
47401 
47407 
47414 
47425 
47429 
47433 
47438 
47448 
47516 
47520 
47521 
47525 
47528 
47553 
47556 
47578 
47579 
47587 
47591 
47594 
47601 
47626 
47631 
47632 
47636 
47644 
47647 
47664 
47668 
47690 
47699 
47700 
47714 
47721 
47724 
47759 
47784 
47821 
47824 
47827 
47830 
47836 
47841 
47849 
47856 
47880 
47881 
47894 
47909 
47910 
47953 
47957 
47968 
47987 
47989 
47996 
47997 
48000 
48002 
48024 
48028 
48040 
48096 
48105 
48133 
48157 
48172 
48178 
48186 
48205 
48206 
48216 
48240 
48250 
48254 
48263 
48282 
48301 
48303 
48312 
48328 
48329 
48331 
48333 
48334 
48336 
48341 
48358 
48367 
48370 
48388 
48390 
48421 
48425 
48442 
48458 
48459 
48490 
48502 
48503 
48508 
48524 
48526 
48548 
48558 
48564 
48572 
48580 
48585 
48620 
48621 
48649 
48668 
48683 
48688 
48698 
48751 
48754 
48756 
48757 
48761 
48765 
48767 
48780 
48782 
48795 
48809 
48811 
48841 
48843 
48848 
48856 
48878 
48890 
48909 
48913 
48923 
48929 
48934 
48961 
48973 
48974 
48979 
48980 
49009 
49021 
49023 
49037 
49058 
49086 
49118 
49123 
49129 
49135 
49138 
49141 
49153 
49157 
49171 
49186 
49194 
49209 
49225 
49260 
49274 
49284 
49285 
49302 
49321 
49325 
49334 
49335 
49359 
49360 
49366 
49367 
49385 
49389 
49395 
49409 
49419 
49423 
49433 
49442 
49463 
49483 
49513 
49522 
49537 
49551 
49558 
49559 
49569 
49570 
49576 
49585 
49587 
49588 
49590 
49591 
49594 
49601 
49609 
49615 
49622 
49673 
49677 
49683 
49695 
49699 
49754 
49756 
49771 
49776 
49792 
49798 
49854 
49887 
49889 
49908 
49924 
49936 
49950 
49954 
49955 
49957 
49996 
50002 
50026 
50042 
50045 
50052 
50054 
50057 
50065 
50070 
50076 
50080 
50086 
50087 
50096 
50108 
50115 
50120 
50132 
50158 
50160 
50189 
50207 
50208 
50237 
50248 
50255 
50257 
50272 
50278 
50279 
50296 
50300 
50326 
50327 
50362 
50371 
50406 
50436 
50440 
50441 
50469 
50482 
50486 
50498 
50510 
50544 
50546 
50550 
50570 
50579 
50638 
50639 
50674 
50676 
50679 
50689 
50691 
50692 
50694 
50697 
50702 
50710 
50715 
50717 
50720 
50724 
50733 
50753 
50756 
50762 
50787 
50793 
50802 
50817 
50830 
50840 
50857 
50858 
50862 
50882 
50897 
50898 
50937 
50944 
50945 
50968 
50970 
50971 
50983 
50995 
50999 
51010 
51012 
51033 
51046 
51055 
51056 
51069 
51072 
51085 
51093 
51097 
51105 
51124 
51140 
51148 
51166 
51205 
51233 
51274 
51277 
51282 
51289 
51294 
51298 
51303 
51319 
51322 
51329 
51372 
51389 
51392 
51396 
51397 
51403 
51437 
51442 
51500 
51525 
51547 
51551 
51566 
51578 
51595 
51608 
51615 
51625 
51639 
51674 
51675 
51696 
51709 
51712 
51715 
51747 
51773 
51784 
51789 
51800 
51804 
51819 
51826 
51842 
51849 
51852 
51860 
51869 
51874 
51884 
51888 
51892 
51905 
51907 
51921 
51942 
51944 
51948 
51958 
51961 
51983 
52003 
52013 
52020 
52035 
52036 
52037 
52039 
52059 
52099 
52115 
52119 
52123 
52131 
52132 
52133 
52137 
52141 
52152 
52205 
52210 
52228 
52248 
52262 
52271 
52276 
52281 
52296 
52307 
52314 
52326 
52341 
52374 
52383 
52391 
52395 
52422 
52423 
52429 
52430 
52456 
52460 
52465 
52480 
52482 
52501 
52502 
52514 
52538 
52539 
52553 
52565 
52584 
52594 
52598 
52604 
52612 
52648 
52656 
52680 
52701 
52703 
52710 
52717 
52728 
52731 
52734 
52742 
52749 
52780 
52782 
52793 
52812 
52841 
52842 
52843 
52857 
52866 
52880 
52894 
52914 
52919 
52956 
53021 
53039 
53048 
53051 
53061 
53067 
53074 
53083 
53084 
53097 
53110 
53149 
53180 
53186 
53192 
53201 
53224 
53225 
53237 
53245 
53287 
53296 
53322 
53324 
53325 
53331 
53342 
53345 
53364 
53369 
53372 
53380 
53389 
53399 
53428 
53429 
53458 
53492 
53497 
53508 
53519 
53529 
53563 
53582 
53593 
53598 
53602 
53608 
53609 
53610 
53611 
53660 
53669 
53695 
53708 
53710 
53745 
53746 
53749 
53750 
53766 
53772 
53781 
53801 
53802 
53845 
53851 
53854 
53900 
53906 
53941 
53946 
53954 
53966 
53989 
53994 
53998 
54012 
54026 
54050 
54060 
54067 
54076 
54083 
54090 
54098 
54115 
54130 
54139 
54150 
54157 
54160 
54164 
54168 
54171 
54179 
54186 
54201 
54202 
54205 
54223 
54251 
54252 
54281 
54282 
54288 
54291 
54298 
54303 
54314 
54327 
54331 
54334 
54361 
54370 
54395 
54400 
54403 
54404 
54412 
54441 
54448 
54465 
54470 
54472 
54489 
54494 
54496 
54510 
54515 
54544 
54557 
54569 
54572 
54576 
54584 
54589 
54591 
54603 
54611 
54634 
54637 
54643 
54661 
54665 
54683 
54688 
54693 
54711 
54775 
54783 
54784 
54786 
54792 
54793 
54835 
54845 
54850 
54856 
54860 
54861 
54862 
54893 
54897 
54901 
54913 
54915 
54920 
54922 
54923 
54927 
54937 
54961 
54975 
54982 
55003 
55028 
55066 
55080 
55083 
55084 
55087 
55103 
55129 
55130 
55131 
55148 
55154 
55172 
55177 
55188 
55189 
55222 
55260 
55265 
55275 
55302 
55306 
55307 
55310 
55321 
55334 
55338 
55345 
55346 
55354 
55374 
55383 
55413 
55418 
55426 
55427 
55446 
55458 
55468 
55488 
55527 
55533 
55539 
55542 
55550 
55556 
55563 
55567 
55569 
55575 
55581 
55594 
55597 
55609 
55613 
55627 
55657 
55661 
55670 
55672 
55674 
55691 
55694 
55697 
55701 
55715 
55719 
55723 
55735 
55738 
55739 
55749 
55763 
55767 
55785 
55819 
55822 
55830 
55844 
55845 
55848 
55853 
55860 
55881 
55896 
55922 
55938 
55942 
55945 
55946 
55950 
55976 
55977 
55988 
55989 
55993 
55999 
56019 
56026 
56028 
56035 
56042 
56045 
56047 
56049 
56052 
56063 
56072 
56077 
56096 
56108 
56112 
56115 
56123 
56132 
56137 
56149 
56152 
56162 
56176 
56217 
56227 
56242 
56247 
56253 
56256 
56263 
56274 
56295 
56297 
56333 
56345 
56373 
56391 
56392 
56394 
56395 
56404 
56407 
56426 
56441 
56443 
56444 
56453 
56456 
56469 
56483 
56484 
56486 
56496 
56497 
56499 
56508 
56509 
56510 
56516 
56525 
56543 
56545 
56549 
56554 
56573 
56583 
56589 
56632 
56642 
56669 
56697 
56702 
56709 
56796 
56799 
56815 
56845 
56846 
56864 
56871 
56890 
56901 
56907 
56908 
56912 
56913 
56914 
56916 
56936 
56937 
56962 
56965 
56967 
56969 
56970 
56971 
56979 
56993 
56996 
57034 
57041 
57043 
57044 
57076 
57090 
57092 
57110 
57116 
57124 
57135 
57136 
57143 
57152 
57155 
57165 
57177 
57181 
57183 
57185 
57189 
57196 
57217 
57231 
57256 
57297 
57311 
57323 
57339 
57356 
57374 
57383 
57389 
57405 
57406 
57414 
57422 
57434 
57435 
57449 
57451 
57491 
57494 
57495 
57502 
57547 
57551 
57562 
57576 
57601 
57606 
57611 
57625 
57634 
57655 
57656 
57659 
57676 
57689 
57699 
57725 
57755 
57790 
57823 
57830 
57834 
57839 
57840 
57846 
57847 
57871 
57885 
57891 
57901 
57916 
57921 
57927 
57930 
57935 
57939 
57945 
57964 
57976 
57977 
57981 
57988 
57990 
58002 
58012 
58014 
58024 
58026 
58046 
58049 
58053 
58060 
58061 
58063 
58104 
58114 
58119 
58146 
58187 
58202 
58207 
58212 
58226 
58229 
58231 
58236 
58237 
58242 
58264 
58268 
58278 
58288 
58296 
58298 
58311 
58317 
58343 
58357 
58380 
58382 
58384 
58386 
58434 
58447 
58471 
58473 
58513 
58524 
58530 
58557 
58562 
58566 
58587 
58596 
58605 
58619 
58629 
58649 
58663 
58667 
58670 
58682 
58683 
58688 
58705 
58714 
58718 
58729 
58752 
58755 
58774 
58779 
58780 
58791 
58838 
58843 
58868 
58871 
58878 
58888 
58891 
58895 
58915 
58923 
58924 
58927 
58940 
58944 
58952 
58963 
58970 
58986 
58991 
59004 
59012 
59022 
59023 
59026 
59028 
59039 
59052 
59055 
59068 
59108 
59123 
59126 
59130 
59139 
59164 
59165 
59169 
59176 
59179 
59193 
59198 
59217 
59234 
59254 
59265 
59276 
59300 
59302 
59308 
59321 
59330 
59331 
59332 
59340 
59358 
59378 
59380 
59405 
59408 
59411 
59432 
59445 
59458 
59460 
59473 
59504 
59544 
59545 
59551 
59564 
59566 
59576 
59584 
59598 
59600 
59606 
59609 
59616 
59617 
59625 
59644 
59653 
59655 
59666 
59668 
59687 
59690 
59694 
59715 
59717 
59723 
59726 
59729 
59748 
59765 
59767 
59783 
59786 
59798 
59815 
59826 
59838 
59852 
59853 
59857 
59879 
59894 
59920 
59921 
59930 
59941 
59957 
59960 
59973 
59980 
59989 
60010 
60030 
60038 
60054 
60063 
60067 
60069 
60074 
60112 
60116 
60134 
60156 
60157 
60169 
60191 
60197 
60200 
60208 
60215 
60222 
60228 
60231 
60234 
60239 
60240 
60245 
60246 
60264 
60295 
60298 
60302 
60321 
60336 
60359 
60389 
60410 
60417 
60419 
60430 
60437 
60439 
60451 
60459 
60486 
60491 
60507 
60514 
60527 
60534 
60539 
60545 
60569 
60571 
60572 
60599 
60602 
60609 
60627 
60629 
60646 
60655 
60657 
60662 
60676 
60678 
60690 
60699 
60702 
60708 
60723 
60729 
60748 
60768 
60772 
60783 
60793 
60795 
60799 
60809 
60827 
60831 
60864 
60867 
60869 
60892 
60901 
60914 
60922 
60976 
61005 
61018 
61032 
61036 
61051 
61065 
61090 
61092 
61098 
61099 
61104 
61108 
61113 
61129 
61154 
61171 
61176 
61181 
61192 
61195 
61197 
61200 
61213 
61219 
61235 
61268 
61304 
61305 
61317 
61349 
61356 
61363 
61370 
61377 
61383 
61393 
61400 
61408 
61426 
61450 
61470 
61486 
61504 
61507 
61525 
61532 
61534 
61545 
61561 
61563 
61569 
61576 
61602 
61608 
61618 
61621 
61645 
61669 
61739 
61741 
61762 
61780 
61801 
61816 
61822 
61850 
61869 
61872 
61874 
61885 
61887 
61905 
61909 
61917 
61923 
61931 
61936 
61940 
61950 
61952 
61959 
61964 
61968 
61997 
61999 
62010 
62011 
62029 
62033 
62037 
62041 
62053 
62070 
62075 
62076 
62080 
62082 
62086 
62087 
62116 
62119 
62121 
62126 
62127 
62130 
62148 
62152 
62154 
62157 
62164 
62165 
62167 
62194 
62200 
62223 
62273 
62279 
62330 
62337 
62358 
62359 
62368 
62369 
62378 
62384 
62400 
62402 
62408 
62416 
62424 
62428 
62452 
62453 
62472 
62481 
62485 
62491 
62502 
62508 
62518 
62519 
62540 
62585 
62586 
62602 
62616 
62631 
62638 
62659 
62661 
62668 
62670 
62681 
62692 
62702 
62709 
62713 
62733 
62734 
62757 
62759 
62766 
62774 
62779 
62783 
62813 
62821 
62825 
62852 
62859 
62881 
62896 
62910 
62923 
62933 
62946 
62959 
62961 
62970 
62974 
62976 
62979 
62994 
62997 
63003 
63017 
63018 
63024 
63035 
63043 
63062 
63068 
63070 
63072 
63107 
63132 
63135 
63149 
63156 
63159 
63162 
63186 
63213 
63217 
63239 
63249 
63256 
63262 
63280 
63283 
63295 
63302 
63317 
63339 
63344 
63349 
63369 
63373 
63385 
63389 
63391 
63405 
63412 
63417 
63432 
63453 
63469 
63497 
63501 
63510 
63524 
63534 
63547 
63553 
63578 
63590 
63606 
63631 
63632 
63642 
63647 
63680 
63682 
63707 
63727 
63732 
63733 
63744 
63757 
63758 
63779 
63816 
63823 
63851 
63868 
63879 
63885 
63891 
63899 
63936 
63961 
63987 
64010 
64020 
64021 
64024 
64025 
64034 
64037 
64043 
64047 
64052 
64093 
64095 
64122 
64141 
64145 
64157 
64160 
64180 
64196 
64205 
64207 
64236 
64247 
64264 
64266 
64278 
64293 
64298 
64307 
64310 
64328 
64330 
64343 
64344 
64348 
64370 
64406 
64419 
64424 
64435 
64439 
64445 
64449 
64450 
64451 
64459 
64476 
64479 
64485 
64506 
64519 
64542 
64550 
64559 
64560 
64598 
64600 
64601 
64620 
64624 
64626 
64629 
64642 
64644 
64653 
64658 
64660 
64663 
64667 
64674 
64675 
64685 
64697 
64731 
64744 
64752 
64759 
64767 
64772 
64781 
64790 
64829 
64835 
64841 
64860 
64881 
64896 
64900 
64909 
64910 
64915 
64931 
64938 
64950 
64952 
64957 
64979 
64982 
64994 
65054 
65085 
65096 
65108 
65135 
65155 
65159 
65174 
65194 
65197 
65228 
65233 
65241 
65279 
65294 
65308 
65310 
65328 
65330 
65335 
65350 
65354 
65366 
65371 
65387 
65402 
65415 
65417 
65419 
65422 
65434 
65465 
65470 
65473 
65511 
65513 
65523 
65541 
65547 
65550 
65565 
65572 
65592 
65594 
65603 
65609 
65612 
65627 
65642 
65643 
65648 
65665 
65696 
65745 
65750 
65758 
65766 
65772 
65819 
65835 
65844 
65847 
65849 
65870 
65882 
65888 
65897 
65900 
65901 
65910 
65912 
65922 
65954 
65965 
65972 
65985 
65992 
65996 
65997 
66026 
66027 
66047 
66055 
66057 
66072 
66114 
66117 
66121 
66132 
66150 
66155 
66197 
66198 
66199 
66208 
66223 
66235 
66249 
66264 
66268 
66279 
66288 
66323 
66346 
66353 
66364 
66374 
66399 
66410 
66417 
66422 
66427 
66428 
66437 
66443 
66457 
66465 
66467 
66470 
66474 
66480 
66481 
66499 
66504 
66507 
66525 
66526 
66539 
66559 
66588 
66605 
66622 
66631 
66643 
66664 
66667 
66670 
66673 
66686 
66710 
66743 
66745 
66759 
66768 
66772 
66788 
66790 
66791 
66809 
66817 
66837 
66838 
66843 
66847 
66861 
66870 
66878 
66882 
66904 
66914 
66939 
66943 
66961 
66965 
67024 
67046 
67062 
67063 
67081 
67091 
67113 
67114 
67123 
67144 
67190 
67226 
67245 
67254 
67267 
67268 
67277 
67280 
67291 
67312 
67349 
67364 
67367 
67369 
67396 
67406 
67429 
67470 
67474 
67482 
67483 
67507 
67518 
67530 
67535 
67547 
67549 
67556 
67565 
67570 
67572 
67583 
67597 
67604 
67607 
67619 
67627 
67634 
67648 
67649 
67665 
67696 
67701 
67729 
67745 
67765 
67784 
67800 
67805 
67818 
67830 
67832 
67845 
67847 
67851 
67856 
67886 
67892 
67897 
67924 
67955 
67956 
67960 
67961 
67968 
67976 
68004 
68007 
68024 
68029 
68036 
68038 
68041 
68043 
68062 
68065 
68066 
68071 
68076 
68080 
68082 
68102 
68137 
68139 
68158 
68180 
68183 
68185 
68186 
68194 
68195 
68226 
68229 
68271 
68275 
68302 
68308 
68316 
68320 
68330 
68337 
68350 
68357 
68363 
68369 
68380 
68381 
68396 
68411 
68425 
68433 
68435 
68437 
68446 
68465 
68468 
68474 
68475 
68486 
68488 
68500 
68507 
68512 
68530 
68532 
68542 
68546 
68579 
68589 
68595 
68597 
68603 
68632 
68641 
68659 
68669 
68673 
68681 
68694 
68700 
68709 
68714 
68718 
68769 
68771 
68779 
68782 
68783 
68789 
68813 
68834 
68845 
68849 
68857 
68861 
68877 
68892 
68914 
68916 
68921 
68925 
68931 
68934 
68939 
68942 
68943 
68955 
68979 
68995 
68996 
68998 
69006 
69011 
69015 
69058 
69066 
69087 
69093 
69097 
69126 
69128 
69138 
69149 
69151 
69169 
69174 
69211 
69231 
69240 
69255 
69260 
69261 
69281 
69286 
69312 
69328 
69358 
69359 
69434 
69445 
69452 
69496 
69523 
69534 
69544 
69545 
69551 
69552 
69563 
69587 
69590 
69591 
69612 
69615 
69616 
69627 
69638 
69664 
69669 
69673 
69679 
69692 
69708 
69728 
69730 
69749 
69757 
69774 
69783 
69793 
69804 
69815 
69817 
69836 
69860 
69863 
69884 
69898 
69910 
69918 
69930 
69948 
69958 
69961 
69966 
70000 
70008 
70040 
70058 
70067 
70068 
70082 
70084 
70117 
70143 
70176 
70184 
70190 
70191 
70195 
70204 
70206 
70214 
70216 
70242 
70245 
70255 
70268 
70280 
70282 
70290 
70296 
70301 
70320 
70323 
70333 
70338 
70352 
70353 
70360 
70366 
70373 
70374 
70425 
70428 
70444 
70453 
70493 
70496 
70501 
70513 
70517 
70521 
70528 
70530 
70531 
70540 
70544 
70546 
70548 
70564 
70588 
70589 
70622 
70640 
70643 
70647 
70661 
70665 
70674 
70678 
70685 
70691 
70699 
70700 
70701 
70703 
70720 
70727 
70728 
70739 
70750 
70758 
70778 
70782 
70794 
70798 
70806 
70807 
70815 
70834 
70839 
70851 
70862 
70876 
70887 
70888 
70891 
70897 
70915 
70921 
70934 
70937 
70964 
70984 
70996 
70999 
71001 
71017 
71023 
71033 
71034 
71051 
71062 
71063 
71064 
71065 
71066 
71073 
71075 
71093 
71102 
71113 
71176 
71190 
71196 
71199 
71200 
71201 
71204 
71212 
71216 
71220 
71228 
71229 
71236 
71238 
71244 
71247 
71251 
71264 
71273 
71274 
71276 
71309 
71320 
71337 
71344 
71361 
71364 
71371 
71379 
71387 
71391 
71405 
71419 
71423 
71430 
71447 
71452 
71455 
71457 
71462 
71464 
71473 
71478 
71480 
71498 
71527 
71532 
71533 
71537 
71545 
71572 
71578 
71586 
71600 
71615 
71617 
71630 
71635 
71647 
71656 
71667 
71689 
71694 
71701 
71706 
71721 
71733 
71737 
71742 
71744 
71760 
71764 
71783 
71795 
71798 
71804 
71822 
71826 
71838 
71861 
71897 
71899 
71914 
71915 
71916 
71921 
71935 
71937 
71939 
71955 
71956 
71957 
71972 
71999 
72032 
72036 
72042 
72050 
72053 
72068 
72078 
72081 
72091 
72092 
72095 
72107 
72115 
72127 
72129 
72135 
72140 
72145 
72202 
72206 
72210 
72218 
72229 
72230 
72242 
72251 
72256 
72275 
72305 
72308 
72341 
72402 
72407 
72411 
72413 
72425 
72434 
72457 
72469 
72482 
72490 
72509 
72518 
72545 
72571 
72574 
72582 
72587 
72607 
72609 
72631 
72642 
72643 
72671 
72679 
72706 
72734 
72747 
72750 
72758 
72794 
72803 
72827 
72848 
72890 
72893 
72899 
72919 
72929 
72931 
72946 
72950 
72952 
72953 
72959 
72966 
72975 
72983 
72985 
73010 
73017 
73050 
73056 
73071 
73080 
73091 
73092 
73098 
73106 
73115 
73127 
73128 
73137 
73165 
73193 
73208 
73222 
73223 
73231 
73233 
73236 
73238 
73255 
73264 
73274 
73288 
73300 
73315 
73332 
73340 
73346 
73352 
73373 
73377 
73381 
73385 
73386 
73400 
73419 
73427 
73463 
73466 
73475 
73494 
73499 
73503 
73517 
73528 
73541 
73585 
73587 
73605 
73624 
73625 
73627 
73629 
73630 
73644 
73672 
73692 
73699 
73701 
73718 
73723 
73730 
73735 
73749 
73763 
73777 
73785 
73790 
73794 
73806 
73839 
73907 
73923 
73949 
73958 
73961 
73965 
73967 
73972 
74025 
74042 
74045 
74057 
74065 
74070 
74075 
74086 
74089 
74095 
74105 
74146 
74162 
74179 
74211 
74215 
74218 
74226 
74234 
74240 
74243 
74250 
74254 
74265 
74299 
74310 
74331 
74340 
74342 
74344 
74354 
74368 
74384 
74388 
74400 
74404 
74410 
74442 
74447 
74448 
74468 
74469 
74474 
74476 
74480 
74484 
74488 
74494 
74498 
74522 
74532 
74545 
74553 
74593 
74597 
74630 
74639 
74643 
74665 
74680 
74705 
74721 
74724 
74729 
74735 
74746 
74776 
74778 
74793 
74801 
74825 
74831 
74839 
74841 
74842 
74850 
74865 
74874 
74881 
74892 
74898 
74905 
74918 
74928 
74937 
74939 
74947 
74951 
74953 
74960 
74972 
74979 
74981 
74996 
75001 
75009 
75020 
75033 
75045 
75049 
75135 
75136 
75143 
75185 
75204 
75205 
75217 
75227 
75231 
75276 
75282 
75297 
75298 
75306 
75308 
75314 
75318 
75320 
75324 
75325 
75340 
75356 
75368 
75377 
75383 
75403 
75417 
75418 
75453 
75454 
75471 
75473 
75476 
75486 
75502 
75506 
75508 
75539 
75540 
75556 
75601 
75605 
75629 
75637 
75648 
75660 
75676 
75690 
75703 
75711 
75712 
75724 
75736 
75741 
75748 
75751 
75760 
75775 
75777 
75790 
75801 
75812 
75823 
75827 
75831 
75846 
75852 
75892 
75899 
75907 
75909 
75925 
75945 
75963 
75973 
75980 
76035 
76037 
76042 
76045 
76054 
76088 
76101 
76102 
76131 
76143 
76146 
76154 
76156 
76169 
76172 
76229 
76251 
76253 
76263 
76304 
76323 
76324 
76326 
76328 
76331 
76338 
76339 
76344 
76364 
76379 
76388 
76406 
76428 
76430 
76437 
76440 
76450 
76458 
76467 
76494 
76495 
76506 
76525 
76529 
76540 
76574 
76580 
76583 
76588 
76590 
76591 
76592 
76594 
76605 
76614 
76619 
76634 
76672 
76678 
76702 
76713 
76717 
76719 
76725 
76740 
76749 
76764 
76771 
76777 
76821 
76830 
76841 
76874 
76899 
76916 
76923 
76929 
76952 
76964 
76973 
76999 
77008 
77016 
77030 
77036 
77053 
77064 
77092 
77101 
77106 
77111 
77123 
77129 
77144 
77159 
77161 
77167 
77170 
77172 
77196 
77197 
77201 
77214 
77215 
77218 
77227 
77251 
77266 
77268 
77270 
77282 
77284 
77307 
77309 
77314 
77338 
77353 
77359 
77375 
77378 
77393 
77395 
77396 
77400 
77410 
77447 
77448 
77465 
77472 
77474 
77485 
77513 
77515 
77516 
77535 
77574 
77590 
77599 
77601 
77603 
77604 
77611 
77615 
77625 
77645 
77683 
77695 
77706 
77731 
77742 
77743 
77748 
77755 
77758 
77787 
77791 
77796 
77802 
77812 
77818 
77821 
77840 
77841 
77851 
77859 
77867 
77874 
77889 
77905 
77927 
77930 
77939 
77943 
77952 
77953 
77957 
77962 
77980 
77983 
77990 
77992 
77993 
78002 
78005 
78043 
78084 
78100 
78101 
78107 
78117 
78124 
78125 
78140 
78145 
78153 
78165 
78167 
78178 
78185 
78195 
78198 
78202 
78223 
78237 
78250 
78270 
78277 
78285 
78295 
78305 
78308 
78313 
78314 
78335 
78340 
78341 
78344 
78357 
78361 
78390 
78397 
78424 
78434 
78436 
78437 
78447 
78448 
78473 
78476 
78489 
78496 
78499 
78513 
78534 
78535 
78546 
78556 
78558 
78561 
78562 
78566 
78572 
78577 
78579 
78599 
78601 
78608 
78610 
78612 
78615 
78628 
78629 
78633 
78637 
78647 
78652 
78653 
78676 
78677 
78688 
78691 
78692 
78694 
78695 
78702 
78726 
78772 
78778 
78779 
78786 
78804 
78831 
78842 
78849 
78855 
78869 
78877 
78880 
78907 
78912 
78913 
78917 
78939 
78942 
78971 
78972 
78973 
78980 
78983 
78995 
78997 
79009 
79015 
79029 
79034 
79056 
79062 
79091 
79098 
79100 
79108 
79128 
79144 
79152 
79158 
79162 
79163 
79164 
79168 
79178 
79186 
79210 
79220 
79245 
79249 
79259 
79262 
79278 
79286 
79288 
79304 
79330 
79331 
79340 
79345 
79375 
79378 
79394 
79397 
79400 
79421 
79422 
79430 
79439 
79444 
79450 
79462 
79469 
79472 
79520 
79525 
79544 
79545 
79556 
79583 
79623 
79629 
79634 
79643 
79653 
79688 
79703 
79730 
79744 
79762 
79763 
79783 
79792 
79809 
79825 
79832 
79834 
79841 
79858 
79865 
79872 
79885 
79895 
79903 
79927 
79931 
79940 
79941 
79954 
79956 
79960 
79961 
79966 
79970 
79986 
79996 
80004 
80005 
80019 
80048 
80049 
80060 
80064 
80067 
80072 
80076 
80078 
80081 
80082 
80091 
80109 
80110 
80126 
80127 
80128 
80137 
80138 
80143 
80147 
80161 
80167 
80180 
80186 
80196 
80229 
80238 
80247 
80250 
80255 
80262 
80265 
80273 
80274 
80275 
80285 
80309 
80316 
80323 
80336 
80337 
80338 
80340 
80341 
80345 
80361 
80366 
80383 
80414 
80418 
80419 
80430 
80441 
80446 
80470 
80473 
80476 
80479 
80480 
80485 
80489 
80493 
80498 
80501 
80506 
80527 
80540 
80557 
80575 
80576 
80584 
80590 
80616 
80619 
80626 
80640 
80651 
80678 
80689 
80692 
80718 
80726 
80732 
80737 
80755 
80797 
80804 
80811 
80823 
80837 
80866 
80870 
80873 
80895 
80898 
80903 
80907 
80912 
80922 
80923 
80927 
80946 
80952 
80967 
80969 
80976 
80987 
81002 
81010 
81015 
81019 
81023 
81026 
81027 
81039 
81076 
81077 
81101 
81103 
81136 
81138 
81145 
81150 
81157 
81158 
81162 
81171 
81178 
81179 
81181 
81198 
81200 
81205 
81217 
81219 
81244 
81271 
81274 
81281 
81287 
81319 
81327 
81341 
81348 
81352 
81358 
81362 
81376 
81381 
81416 
81418 
81423 
81431 
81436 
81440 
81449 
81472 
81476 
81501 
81502 
81510 
81513 
81516 
81517 
81544 
81553 
81556 
81562 
81570 
81581 
81588 
81602 
81617 
81623 
81628 
81633 
81639 
81653 
81669 
81678 
81686 
81691 
81693 
81705 
81721 
81733 
81738 
81751 
81763 
81767 
81776 
81778 
81788 
81802 
81809 
81815 
81816 
81825 
81840 
81854 
81858 
81873 
81910 
81914 
81920 
81925 
81938 
81975 
81983 
82010 
82019 
82020 
82040 
82061 
82107 
82112 
82117 
82120 
82121 
82165 
82175 
82177 
82190 
82199 
82202 
82212 
82223 
82227 
82247 
82253 
82266 
82291 
82307 
82310 
82315 
82327 
82334 
82351 
82365 
82388 
82389 
82394 
82397 
82403 
82431 
82434 
82439 
82443 
82446 
82457 
82460 
82481 
82482 
82489 
82490 
82502 
82510 
82516 
82532 
82542 
82545 
82575 
82577 
82588 
82599 
82616 
82619 
82638 
82640 
82646 
82674 
82686 
82687 
82714 
82725 
82728 
82739 
82742 
82755 
82760 
82769 
82779 
82784 
82799 
82808 
82814 
82828 
82830 
82837 
82885 
82904 
82905 
82923 
82928 
82943 
82946 
82955 
82956 
82958 
82998 
83008 
83020 
83021 
83032 
83069 
83086 
83101 
83107 
83112 
83115 
83138 
83141 
83146 
83150 
83157 
83160 
83164 
83167 
83186 
83220 
83221 
83233 
83237 
83238 
83262 
83270 
83287 
83288 
83321 
83336 
83367 
83378 
83413 
83418 
83422 
83432 
83441 
83461 
83477 
83481 
83492 
83496 
83510 
83513 
83543 
83562 
83572 
83596 
83607 
83613 
83630 
83645 
83646 
83650 
83651 
83654 
83657 
83685 
83688 
83715 
83726 
83729 
83732 
83733 
83739 
83768 
83797 
83799 
83819 
83827 
83855 
83917 
83923 
83936 
83945 
83951 
83954 
83958 
83960 
83963 
83991 
84004 
84006 
84030 
84038 
84054 
84070 
84094 
84113 
84116 
84118 
84123 
84135 
84137 
84139 
84144 
84150 
84151 
84168 
84171 
84176 
84193 
84214 
84219 
84220 
84247 
84253 
84254 
84262 
84268 
84289 
84299 
84318 
84339 
84344 
84396 
84439 
84456 
84468 
84478 
84487 
84488 
84505 
84526 
84531 
84535 
84538 
84545 
84546 
84550 
84569 
84575 
84577 
84593 
84601 
84604 
84606 
84623 
84624 
84633 
84640 
84642 
84646 
84649 
84693 
84706 
84710 
84715 
84719 
84723 
84742 
84758 
84791 
84798 
84803 
84820 
84827 
84832 
84835 
84846 
84849 
84859 
84861 
84874 
84880 
84887 
84897 
84909 
84931 
84941 
84956 
84966 
84975 
84984 
84985 
85009 
85015 
85027 
85028 
85046 
85077 
85078 
85082 
85097 
85098 
85126 
85127 
85133 
85134 
85158 
85199 
85209 
85225 
85230 
85233 
85245 
85258 
85271 
85273 
85278 
85293 
85294 
85298 
85307 
85323 
85366 
85398 
85406 
85410 
85414 
85419 
85436 
85439 
85457 
85474 
85475 
85493 
85496 
85519 
85520 
85526 
85540 
85545 
85550 
85581 
85596 
85614 
85615 
85628 
85636 
85662 
85668 
85678 
85715 
85721 
85726 
85731 
85734 
85760 
85764 
85787 
85796 
85802 
85810 
85815 
85818 
85820 
85833 
85834 
85847 
85856 
85875 
85895 
85896 
85935 
85938 
85944 
85965 
85977 
85982 
85990 
86012 
86016 
86033 
86038 
86046 
86049 
86059 
86061 
86065 
86073 
86074 
86083 
86084 
86115 
86119 
86142 
86146 
86156 
86161 
86170 
86171 
86173 
86180 
86183 
86187 
86189 
86207 
86208 
86213 
86228 
86238 
86251 
86253 
86266 
86268 
86276 
86279 
86284 
86294 
86296 
86300 
86303 
86306 
86314 
86328 
86339 
86363 
86366 
86370 
86377 
86382 
86397 
86398 
86403 
86423 
86426 
86427 
86437 
86447 
86457 
86474 
86480 
86487 
86511 
86516 
86519 
86559 
86567 
86585 
86588 
86601 
86610 
86614 
86623 
86646 
86647 
86649 
86655 
86658 
86663 
86669 
86672 
86676 
86678 
86692 
86708 
86728 
86736 
86746 
86777 
86796 
86809 
86823 
86841 
86877 
86975 
86985 
86987 
86996 
87001 
87033 
87038 
87045 
87053 
87083 
87086 
87088 
87094 
87096 
87102 
87108 
87139 
87163 
87166 
87171 
87180 
87184 
87193 
87196 
87205 
87219 
87220 
87260 
87262 
87270 
87272 
87296 
87308 
87315 
87341 
87342 
87368 
87384 
87395 
87402 
87432 
87440 
87454 
87456 
87460 
87461 
87473 
87479 
87488 
87537 
87551 
87553 
87572 
87585 
87604 
87606 
87607 
87611 
87618 
87626 
87642 
87646 
87653 
87655 
87675 
87684 
87714 
87743 
87744 
87747 
87755 
87767 
87774 
87780 
87793 
87801 
87802 
87810 
87815 
87816 
87822 
87841 
87843 
87855 
87882 
87890 
87892 
87914 
87916 
87935 
87962 
87987 
87988 
88006 
88009 
88017 
88023 
88031 
88033 
88048 
88053 
88061 
88065 
88068 
88076 
88087 
88097 
88102 
88110 
88111 
88122 
88128 
88155 
88157 
88160 
88169 
88186 
88197 
88198 
88199 
88210 
88233 
88243 
88259 
88266 
88268 
88286 
88291 
88317 
88319 
88341 
88363 
88367 
88368 
88384 
88389 
88392 
88405 
88410 
88430 
88446 
88448 
88455 
88465 
88487 
88488 
88496 
88508 
88521 
88538 
88540 
88546 
88558 
88560 
88581 
88591 
88601 
88632 
88641 
88648 
88651 
88669 
88683 
88702 
88729 
88731 
88733 
88739 
88768 
88770 
88777 
88783 
88786 
88788 
88789 
88793 
88800 
88805 
88815 
88817 
88819 
88832 
88842 
88851 
88857 
88860 
88862 
88879 
88883 
88907 
88908 
88914 
88940 
88948 
88955 
88968 
88989 
89000 
89005 
89034 
89054 
89079 
89080 
89088 
89093 
89107 
89128 
89130 
89134 
89148 
89171 
89183 
89195 
89202 
89218 
89227 
89240 
89250 
89251 
89253 
89285 
89313 
89331 
89354 
89358 
89365 
89367 
89371 
89379 
89381 
89391 
89397 
89399 
89409 
89415 
89438 
89450 
89461 
89465 
89466 
89473 
89476 
89493 
89496 
89498 
89523 
89542 
89545 
89553 
89580 
89581 
89589 
89595 
89609 
89626 
89631 
89636 
89639 
89658 
89723 
89727 
89730 
89737 
89739 
89746 
89749 
89766 
89775 
89779 
89780 
89787 
89790 
89793 
89814 
89829 
89859 
89870 
89892 
89911 
89913 
89915 
89930 
89931 
89933 
89934 
89938 
89953 
89958 
89972 
89977 
89979 
89986 
89989 
89992 
