2870133331690
0996708177231
8782976552620
6528084470700
9198313923992
1529965434073
9916581450445
6887019110157
4444714997658
9628247958627
4348658880963
5612923790618
7277772593764
5666933213065
3874293698447
4911657818127
8045147199372
5395763091142
0152221185328
1159879210930
3126226296241
1203052669389
4802709600763
1550871463949
3723186947942
1340592996665
2228463187947
1736481141310
0795450384776
4000259145872
7567999897088
7778245222117
4019568631479
2020453380921
9304441444340
4100700726046
5311580521044
7880489705342
9046311761306
2169697614894
1504689313385
2205595347371
4151225841813
6729884752829
8049371744574
2164767005078
0952532887570
2562454081402
0604064274303
9391419756631
1301101608844
6141715170893
3512487110476
0748932917467
0024981716661
3193772726054
3397424666101
1536709526599
4737141863110
3998271328125
7131362862114
8869006279477
0206479710961
6585146899768
9934485356158
4695951602240
6213281232776
9665934585924
2961103250333
2774907719862
8616335316440
4934121762574
0694179457865
1193027684497
9820377944820
1860703602445
7399526075190
7238808065000
6389599746115
2411067046625
5615097526839
8255035723379
7788561689363
1844896433776
9557026511557
1004463399111
7776162936489
8254023794529
6453071072629
9810390643099
9052872450626
5366732065263
8359795371805
3912735586512
8440232154729
6591414243540
1659086217999
3596407909759
3586517524578
9542489254869
8677302894913
7507824405730
7341446309059
6101922653533
1868323515574
2673973846264
1912622019314
6276863669360
7707533910875
1182189148621
0550365085401
2788354031952
2819397585441
8336629277704
1198760446744
9448049770563
1733938468564
4206319772230
4376842510841
6455769777807
8698271727585
6505774824629
4706042502741
5164121087530
8807828656026
3349645729989
4371263486690
5955482964479
4838453895103
4337026989201
4472556941614
5111892219030
3443984772607
4143122441584
0923007486715
0282276761874
0689548242660
6989842249151
0586284674898
4951333835108
4900754750125
8805868209432
6836451595043
8063844149649
9956432977653
5630942886555
3240727699641
3128427353273
4647273855846
7855236401034
1479719736051
8399069423959
9843248188200
0296959777830
8309391894177
5708443525234
5968949297852
4735903957970
4609598835182
9654989955945
4526415666052
4314254164597
3937328481623
3244501726638
2315376031625
8371396213553
4394276608647
8621600820549
8307966149342
9706224480729
4380041429417
4968605265608
8863872265825
7099834621889
4784517810012
5078827304348
8405426024957
8479994818638
5853350566879
3012895776763
7588832427521
3240674816148
5925137293419
4450062126680
5514025531031
9537986627263
1446092393306
7090344441636
0386747154876
7690803695118
8487667865252
3906572792051
5943284410063
4634150175674
5239380635742
8787732934145
3945579330329
9624427056066
1206185546375
9912347457352
1004038861067
3075376659411
3892144271229
8473044065405
5696544811397
3780007837337
2485347938871
7873852492465
0779069916699
6138359182485
2206285772022
1577967223572
0883658563150
0654435139655
0885782015244
2990796412573
8995238796185
2616949310014
4936071891352
2692852634667
6832784003749
9305425230955
7072436422050
9841299473568
2477701402889
9255654858836
3525227803733
2697833805563
0475665258870
7917930765308
0869296850638
9745702277689
3768151283202
2872068236953
5101528274743
3303630330862
1449721510644
2433228557500
3578315574927
6252833143938
5214271494666
6459493082048
4986067929137
3938640444185
0415717091171
3971201902846
0807514785281
5712485771063
4767614880181
0064544548633
5844023925064
0194545563105
9517887062085
9062803605547
1028837258045
0030571813802
4041772838337
0358155512538
7146750059409
7871599830167
9388884058432
0800930628735
1890534205617
8551031275489
7321489840916
0882678829633
7698985528964
8778694165340
9994462215389
7491603174488
2450485883526
3515013946707
7926410525840
2486706762528
7612373356159
3369568801789
5200012432420
5303493950681
1555205152975
0169030007966
4635979662700
0626207898119
2267162780908
4618981463199
8644200967671
9706570036153
9406950490959
7607334111161
5317007383158
3067574538702
5987636762167
1040797848826
3184385345599
5490133651354
5373668030525
9036533103066
8657178086077
0439675631190
8707180941366
3770523497715
