26
14
21
26
27
5
6
2
4
4
14
25
10
8
21
23
3
6
26
4
25
14
4
17
1
20
30
6
6
2
24
15
28
9
12
18
26
14
1
13
17
22
29
25
5
8
7
25
12
30
27
4
3
1
5
25
18
30
10
13
24
12
13
10
1
10
21
26
10
20
24
28
22
7
24
1
27
8
5
6
24
8
18
1
7
21
10
5
14
3
14
6
3
21
11
4
6
14
6
2
15
8
4
20
24
14
15
14
8
22
6
28
19
11
11
29
15
18
11
28
5
5
8
19
17
20
23
10
5
18
20
28
23
10
22
28
20
12
29
17
23
22
2
19
12
15
3
11
17
28
29
7
15
11
17
5
28
12
23
21
2
13
18
10
6
6
28
23
16
28
5
6
26
12
26
3
24
26
15
4
13
20
25
27
8
28
13
1
22
14
26
12
17
2
8
4
22
13
28
7
9
27
20
9
22
9
1
22
6
12
27
30
4
10
25
8
5
22
28
27
12
16
4
29
21
23
29
12
14
29
10
1
13
13
3
18
12
29
5
23
25
19
2
15
10
16
21
15
18
27
28
4
12
16
2
24
27
23
12
23
23
21
11
14
21
2
25
1
9
7
22
16
3
8
19
19
25
1
14
4
17
15
28
26
20
14
17
3
29
12
28
19
19
29
11
20
4
8
25
10
20
10
2
5
7
10
24
21
12
16
22
23
20
3
5
1
12
25
7
27
6
21
7
20
11
17
25
19
26
8
28
28
29
16
28
15
9
9
6
9
19
30
25
8
21
16
8
24
4
18
3
4
23
15
4
30
22
6
10
20
3
13
23
29
1
21
21
29
5
3
16
24
3
11
2
6
7
22
20
16
4
17
9
6
13
12
3
19
12
13
5
23
18
27
23
20
7
9
30
11
27
5
9
2
12
25
26
3
10
3
21
8
29
25
9
19
29
16
23
15
13
9
23
24
26
12
28
1
16
15
17
4
10
25
20
28
6
6
29
27
2
10
20
25
15
9
11
2
10
10
28
2
16
6
14
7
1
10
30
2
28
10
26
6
17
16
26
16
28
10
2
13
2
13
22
7
25
13
17
27
17
2
6
17
4
20
3
29
9
19
11
2
2
8
7
16
23
26
2
19
19
16
26
5
17
28
18
13
20
28
30
19
20
20
8
26
2
2
12
28
18
16
27
16
1
20
18
27
20
30
9
21
16
4
22
29
10
26
20
15
23
29
22
22
22
17
10
24
1
24
