631 |        2 
631 |        7 
631 |        8 
631 |       30 
631 |       39 
631 |       50 
631 |       73 
631 |       77 
631 |       84 
631 |       88 
631 |      113 
631 |      129 
631 |      147 
631 |      167 
5943 |        5 
5943 |        7 
5943 |       10 
5943 |       12 
5943 |       30 
5943 |       55 
5943 |       56 
5943 |       62 
5943 |       69 
5943 |       70 
5943 |       77 
5943 |       88 
5943 |       99 
5943 |      101 
5943 |      129 
5943 |      139 
5943 |      147 
5943 |      162 
5943 |      165 
5943 |      166 
9522 |        7 
9522 |       14 
9522 |       18 
9522 |       20 
9522 |       28 
9522 |       46 
9522 |       49 
9522 |       74 
9522 |       79 
9522 |      104 
9522 |      107 
9522 |      111 
9522 |      115 
9522 |      119 
9522 |      145 
9522 |      154 
9522 |      155 
9522 |      163 
9522 |      176 
9522 |      178 
9868 |       20 
9868 |       24 
9868 |       25 
9868 |       35 
9868 |       42 
9868 |       48 
9868 |       54 
9868 |       62 
9868 |       65 
9868 |       69 
9868 |      112 
9868 |      115 
9868 |      117 
9868 |      128 
9868 |      145 
9868 |      165 
9868 |      177 
12679 |        1 
12679 |       24 
12679 |       26 
12679 |       30 
12679 |       40 
12679 |       50 
12679 |       52 
12679 |       58 
12679 |       59 
12679 |       63 
12679 |       66 
12679 |       72 
12679 |       76 
12679 |      100 
12679 |      112 
12679 |      115 
12679 |      118 
12679 |      128 
12679 |      144 
12679 |      145 
12679 |      156 
12679 |      159 
12679 |      160 
17802 |       28 
17802 |       30 
17802 |       33 
17802 |       36 
17802 |       38 
17802 |       52 
17802 |       62 
17802 |       68 
17802 |       73 
17802 |       80 
17802 |       88 
17802 |       92 
17802 |       97 
17802 |       98 
17802 |      114 
17802 |      124 
17802 |      133 
17802 |      134 
17802 |      142 
17802 |      146 
17802 |      147 
17802 |      154 
17802 |      157 
17802 |      164 
17802 |      165 
17802 |      167 
17802 |      171 
19073 |       16 
19073 |       29 
19073 |       39 
19073 |       69 
19073 |       73 
19073 |       75 
19073 |       76 
19073 |       83 
19073 |       90 
19073 |       91 
19073 |      111 
19073 |      129 
19073 |      136 
19073 |      139 
19073 |      160 
19073 |      166 
21461 |        7 
21461 |       22 
21461 |       25 
21461 |       29 
21461 |       35 
21461 |       37 
21461 |       43 
21461 |       49 
21461 |       52 
21461 |       53 
21461 |       59 
21461 |       64 
21461 |       66 
21461 |       77 
21461 |       78 
21461 |       84 
21461 |       92 
21461 |      103 
21461 |      112 
21461 |      116 
21461 |      123 
21461 |      126 
21461 |      129 
21461 |      137 
21461 |      163 
21461 |      166 
21461 |      174 
23358 |       23 
23358 |       24 
23358 |       37 
23358 |       43 
23358 |       45 
23358 |       47 
23358 |       62 
23358 |       66 
23358 |       69 
23358 |       70 
23358 |       76 
23358 |      121 
23358 |      135 
23358 |      137 
23358 |      154 
23358 |      159 
23358 |      170 
23358 |      172 
26018 |        2 
26018 |        3 
26018 |       10 
26018 |       11 
26018 |       14 
26018 |       16 
26018 |       17 
26018 |       18 
26018 |       38 
26018 |       53 
26018 |       55 
26018 |       59 
26018 |       62 
26018 |       64 
26018 |       79 
26018 |       84 
26018 |       90 
26018 |       95 
26018 |       96 
26018 |      101 
26018 |      105 
26018 |      114 
26018 |      126 
26018 |      132 
26018 |      134 
26018 |      140 
26018 |      142 
26018 |      173 
26018 |      177 
27275 |       16 
27275 |       20 
27275 |       22 
27275 |       31 
27275 |       41 
27275 |       44 
27275 |       47 
27275 |       55 
27275 |       59 
27275 |       78 
27275 |       98 
27275 |      136 
27275 |      141 
27275 |      149 
27275 |      156 
28911 |        3 
28911 |       12 
28911 |       27 
28911 |       36 
28911 |       55 
28911 |       57 
28911 |       58 
28911 |       61 
28911 |       63 
28911 |       82 
28911 |       84 
28911 |       91 
28911 |       92 
28911 |      115 
28911 |      123 
28911 |      127 
28911 |      138 
28911 |      143 
28911 |      144 
28911 |      158 
28911 |      177 
29402 |        4 
29402 |       11 
29402 |       36 
29402 |       40 
29402 |       59 
29402 |       77 
29402 |       82 
29402 |       83 
29402 |       86 
29402 |      105 
29402 |      111 
29402 |      114 
29402 |      118 
29402 |      126 
29402 |      128 
29402 |      129 
29402 |      130 
29402 |      132 
29402 |      135 
29402 |      136 
29402 |      148 
29402 |      171 
29402 |      178 
30108 |        3 
30108 |        7 
30108 |       12 
30108 |       29 
30108 |       53 
30108 |       61 
30108 |       69 
30108 |       72 
30108 |       92 
30108 |      102 
30108 |      103 
30108 |      120 
30108 |      125 
30108 |      126 
30108 |      143 
30108 |      148 
30108 |      153 
30108 |      166 
30108 |      168 
30108 |      179 
34048 |        1 
34048 |        4 
34048 |        5 
34048 |       16 
34048 |       26 
34048 |       35 
34048 |       39 
34048 |       69 
34048 |       77 
34048 |       84 
34048 |      120 
34048 |      158 
34048 |      170 
34048 |      175 
34048 |      178 
34375 |        1 
34375 |        2 
34375 |       17 
34375 |       19 
34375 |       23 
34375 |       33 
34375 |       37 
34375 |       43 
34375 |       52 
34375 |       64 
34375 |       66 
34375 |       69 
34375 |       78 
34375 |       95 
34375 |       99 
34375 |      103 
34375 |      105 
34375 |      107 
34375 |      109 
34375 |      118 
34375 |      119 
34375 |      121 
34375 |      136 
34375 |      147 
34375 |      149 
34375 |      153 
34375 |      160 
34375 |      171 
34375 |      176 
36409 |       10 
36409 |       25 
36409 |       36 
36409 |       41 
36409 |       43 
36409 |       72 
36409 |       73 
36409 |       86 
36409 |      102 
36409 |      108 
36409 |      118 
36409 |      127 
36409 |      132 
36409 |      135 
36409 |      139 
36409 |      153 
36409 |      156 
36409 |      164 
36409 |      169 
36409 |      170 
36409 |      175 
36409 |      177 
42132 |        1 
42132 |        5 
42132 |       15 
42132 |       23 
42132 |       27 
42132 |       44 
42132 |       45 
42132 |       52 
42132 |       60 
42132 |       66 
42132 |       75 
42132 |       85 
42132 |      101 
42132 |      119 
42132 |      126 
42132 |      127 
42132 |      136 
42132 |      140 
42132 |      146 
42132 |      168 
42132 |      178 
42596 |        4 
42596 |       11 
42596 |       16 
42596 |       20 
42596 |       49 
42596 |       59 
42596 |       73 
42596 |       86 
42596 |      114 
42596 |      152 
42596 |      164 
42596 |      166 
42596 |      170 
42596 |      174 
43265 |       43 
43265 |       47 
43265 |       74 
43265 |       78 
43265 |       84 
43265 |       87 
43265 |       91 
43265 |       96 
43265 |      107 
43265 |      114 
43265 |      115 
43265 |      116 
43265 |      126 
43265 |      132 
43265 |      135 
43265 |      145 
43265 |      151 
43265 |      153 
43265 |      162 
44562 |        1 
44562 |       20 
44562 |       26 
44562 |       37 
44562 |       39 
44562 |       60 
44562 |       62 
44562 |       64 
44562 |       67 
44562 |       68 
44562 |       83 
44562 |       90 
44562 |      104 
44562 |      113 
44562 |      115 
44562 |      137 
44562 |      141 
44562 |      159 
44562 |      160 
44562 |      165 
44562 |      174 
44565 |       20 
44565 |       21 
44565 |       23 
44565 |       31 
44565 |       42 
44565 |       45 
44565 |       58 
44565 |       59 
44565 |       69 
44565 |       70 
44565 |       90 
44565 |       98 
44565 |       99 
44565 |      105 
44565 |      115 
44565 |      122 
44565 |      140 
44565 |      150 
44565 |      151 
44565 |      152 
44565 |      160 
44565 |      167 
44565 |      175 
47025 |        8 
47025 |       20 
47025 |       27 
47025 |       43 
47025 |       61 
47025 |       66 
47025 |       80 
47025 |       86 
47025 |       90 
47025 |       92 
47025 |       95 
47025 |      107 
47025 |      110 
47025 |      114 
47025 |      115 
47025 |      117 
47025 |      118 
47025 |      127 
47025 |      129 
47025 |      148 
47025 |      152 
47025 |      170 
47025 |      171 
47025 |      174 
47025 |      175 
50221 |       18 
50221 |       22 
50221 |       33 
50221 |       45 
50221 |       46 
50221 |       54 
50221 |       60 
50221 |       61 
50221 |       67 
50221 |       80 
50221 |       87 
50221 |       98 
50221 |      101 
50221 |      111 
50221 |      116 
50221 |      122 
50221 |      128 
50221 |      131 
50221 |      140 
50221 |      151 
50221 |      163 
50221 |      178 
52112 |       15 
52112 |       29 
52112 |       41 
52112 |       85 
52112 |       93 
52112 |       98 
52112 |      105 
52112 |      106 
52112 |      125 
52112 |      147 
52112 |      149 
52112 |      163 
52112 |      177 
52112 |      180 
52151 |        4 
52151 |       16 
52151 |       23 
52151 |       25 
52151 |       56 
52151 |       57 
52151 |       74 
52151 |       75 
52151 |       80 
52151 |       91 
52151 |      105 
52151 |      108 
52151 |      113 
52151 |      133 
52151 |      137 
52151 |      138 
52151 |      171 
52151 |      173 
52151 |      174 
53259 |        5 
53259 |        8 
53259 |       12 
53259 |       21 
53259 |       23 
53259 |       36 
53259 |       49 
53259 |       51 
53259 |       68 
53259 |       86 
53259 |       92 
53259 |       93 
53259 |       97 
53259 |      107 
53259 |      114 
53259 |      121 
53259 |      131 
53259 |      138 
53259 |      140 
53259 |      146 
53259 |      147 
53259 |      157 
53259 |      160 
53259 |      177 
53467 |        4 
53467 |        5 
53467 |       27 
53467 |       31 
53467 |       32 
53467 |       40 
53467 |       59 
53467 |       85 
53467 |       90 
53467 |       92 
53467 |       96 
53467 |       98 
53467 |      104 
53467 |      107 
53467 |      108 
53467 |      112 
53467 |      114 
53467 |      118 
53467 |      166 
53467 |      176 
55212 |        6 
55212 |       25 
55212 |       46 
55212 |       47 
55212 |       62 
55212 |       77 
55212 |       90 
55212 |      110 
55212 |      111 
55212 |      155 
55212 |      158 
55212 |      159 
55212 |      166 
55212 |      170 
58602 |        4 
58602 |        6 
58602 |       11 
58602 |       27 
58602 |       35 
58602 |       42 
58602 |       52 
58602 |       57 
58602 |       72 
58602 |       73 
58602 |       80 
58602 |       87 
58602 |       93 
58602 |      100 
58602 |      106 
58602 |      117 
58602 |      118 
58602 |      122 
58602 |      136 
58602 |      137 
58602 |      144 
58602 |      145 
58602 |      153 
58602 |      158 
58602 |      171 
58602 |      174 
58676 |        4 
58676 |        9 
58676 |       17 
58676 |       19 
58676 |       29 
58676 |       40 
58676 |       41 
58676 |       44 
58676 |       50 
58676 |       68 
58676 |       77 
58676 |       78 
58676 |       79 
58676 |       85 
58676 |       91 
58676 |       96 
58676 |      118 
58676 |      131 
58676 |      137 
58676 |      138 
58676 |      145 
58676 |      156 
58676 |      158 
61844 |        9 
61844 |       17 
61844 |       24 
61844 |       30 
61844 |       39 
61844 |       43 
61844 |       57 
61844 |       59 
61844 |       62 
61844 |       80 
61844 |       90 
61844 |      112 
61844 |      113 
61844 |      115 
61844 |      124 
61844 |      125 
61844 |      138 
61844 |      151 
61844 |      154 
61844 |      175 
61844 |      176 
62461 |        5 
62461 |       10 
62461 |       21 
62461 |       30 
62461 |       38 
62461 |       55 
62461 |       56 
62461 |       57 
62461 |       71 
62461 |       83 
62461 |      108 
62461 |      117 
62461 |      123 
62461 |      125 
62461 |      134 
62461 |      158 
62461 |      164 
62461 |      168 
62461 |      173 
62461 |      174 
64224 |       16 
64224 |       31 
64224 |       39 
64224 |       41 
64224 |       51 
64224 |       70 
64224 |       76 
64224 |       81 
64224 |       87 
64224 |       88 
64224 |       89 
64224 |       91 
64224 |       97 
64224 |      105 
64224 |      107 
64224 |      109 
64224 |      129 
64224 |      163 
65171 |        5 
65171 |        6 
65171 |        9 
65171 |       10 
65171 |       11 
65171 |       17 
65171 |       49 
65171 |       56 
65171 |       59 
65171 |       61 
65171 |       63 
65171 |       81 
65171 |       86 
65171 |      118 
65171 |      119 
65171 |      125 
65171 |      129 
65171 |      131 
65171 |      138 
65171 |      158 
65171 |      161 
65171 |      162 
65171 |      171 
65171 |      176 
65171 |      177 
68774 |       12 
68774 |       18 
68774 |       31 
68774 |       34 
68774 |       36 
68774 |       42 
68774 |       46 
68774 |       51 
68774 |       71 
68774 |       75 
68774 |       90 
68774 |       94 
68774 |       95 
68774 |       97 
68774 |      121 
68774 |      132 
68774 |      138 
68774 |      139 
68774 |      144 
68774 |      152 
68774 |      170 
68774 |      176 
70499 |        2 
70499 |        4 
70499 |       12 
70499 |       25 
70499 |       43 
70499 |       44 
70499 |       46 
70499 |       79 
70499 |       80 
70499 |       87 
70499 |       97 
70499 |      114 
70499 |      128 
70499 |      133 
70499 |      141 
70499 |      143 
70499 |      158 
70499 |      167 
70801 |       22 
70801 |       30 
70801 |       32 
70801 |       37 
70801 |       39 
70801 |       49 
70801 |       67 
70801 |       75 
70801 |       77 
70801 |       85 
70801 |       92 
70801 |      120 
70801 |      135 
70801 |      139 
70801 |      142 
70801 |      159 
70801 |      163 
70801 |      166 
70801 |      168 
72064 |       15 
72064 |       22 
72064 |       27 
72064 |       32 
72064 |       53 
72064 |       61 
72064 |       67 
72064 |       75 
72064 |       76 
72064 |       81 
72064 |       92 
72064 |      106 
72064 |      112 
72064 |      115 
72064 |      117 
72064 |      121 
72064 |      145 
72064 |      175 
73088 |        3 
73088 |        6 
73088 |       14 
73088 |       18 
73088 |       20 
73088 |       23 
73088 |       31 
73088 |       34 
73088 |       35 
73088 |       44 
73088 |       51 
73088 |       59 
73088 |       71 
73088 |       96 
73088 |       97 
73088 |      102 
73088 |      104 
73088 |      106 
73088 |      115 
73088 |      125 
73088 |      146 
73088 |      147 
73088 |      149 
73088 |      156 
73088 |      159 
73088 |      171 
73545 |        2 
73545 |        6 
73545 |       13 
73545 |       15 
73545 |       30 
73545 |       53 
73545 |       58 
73545 |       60 
73545 |       66 
73545 |       71 
73545 |       74 
73545 |       80 
73545 |       83 
73545 |       88 
73545 |      104 
73545 |      108 
73545 |      122 
73545 |      124 
73545 |      134 
73545 |      137 
73545 |      148 
73545 |      159 
73545 |      180 
78488 |       14 
78488 |       16 
78488 |       44 
78488 |       57 
78488 |       64 
78488 |       70 
78488 |       76 
78488 |       78 
78488 |       84 
78488 |       88 
78488 |       95 
78488 |      113 
78488 |      117 
78488 |      118 
78488 |      119 
78488 |      128 
78488 |      139 
78488 |      151 
78488 |      152 
78488 |      154 
78488 |      157 
78488 |      171 
78488 |      177 
78488 |      179 
78532 |       19 
78532 |       22 
78532 |       27 
78532 |       39 
78532 |       47 
78532 |       69 
78532 |       90 
78532 |       95 
78532 |      108 
78532 |      116 
78532 |      135 
78532 |      142 
78532 |      150 
78532 |      158 
80821 |        7 
80821 |       17 
80821 |       22 
80821 |       45 
80821 |       65 
80821 |       72 
80821 |       88 
80821 |       90 
80821 |       99 
80821 |      106 
80821 |      111 
80821 |      112 
80821 |      115 
80821 |      116 
80821 |      119 
80821 |      124 
80821 |      127 
80821 |      138 
80821 |      144 
80821 |      155 
80821 |      162 
80821 |      170 
80821 |      172 
81900 |       12 
81900 |       14 
81900 |       17 
81900 |       18 
81900 |       27 
81900 |       32 
81900 |       39 
81900 |       48 
81900 |       67 
81900 |       87 
81900 |       96 
81900 |      101 
81900 |      103 
81900 |      117 
81900 |      125 
81900 |      131 
81900 |      141 
81900 |      148 
81900 |      151 
81900 |      164 
82886 |       18 
82886 |       20 
82886 |       27 
82886 |       29 
82886 |       32 
82886 |       43 
82886 |       62 
82886 |       67 
82886 |       99 
82886 |      124 
82886 |      128 
82886 |      143 
82886 |      147 
82886 |      151 
82886 |      164 
82886 |      166 
82886 |      171 
82886 |      176 
82886 |      177 
84967 |        6 
84967 |        8 
84967 |       11 
84967 |       12 
84967 |       18 
84967 |       19 
84967 |       20 
84967 |       29 
84967 |       34 
84967 |       42 
84967 |       57 
84967 |       65 
84967 |       67 
84967 |       72 
84967 |       75 
84967 |       86 
84967 |       95 
84967 |       96 
84967 |      101 
84967 |      104 
84967 |      120 
84967 |      129 
84967 |      130 
84967 |      140 
84967 |      143 
84967 |      151 
84967 |      152 
84967 |      157 
84967 |      161 
84967 |      166 
84967 |      170 
84967 |      171 
84967 |      175 
84967 |      177 
84967 |      180 
85436 |        9 
85436 |       12 
85436 |       45 
85436 |       55 
85436 |       56 
85436 |       57 
85436 |       60 
85436 |       69 
85436 |       87 
85436 |       99 
85436 |      100 
85436 |      104 
85436 |      115 
85436 |      135 
85436 |      143 
85436 |      145 
85436 |      155 
85436 |      163 
85436 |      164 
85436 |      170 
85436 |      171 
85436 |      178 
85436 |      179 
85436 |      180 
87903 |        1 
87903 |        4 
87903 |        7 
87903 |        8 
87903 |       15 
87903 |       22 
87903 |       35 
87903 |       54 
87903 |       62 
87903 |       69 
87903 |       82 
87903 |       88 
87903 |       93 
87903 |      103 
87903 |      124 
87903 |      126 
87903 |      130 
87903 |      152 
87903 |      175 
87903 |      176 
87903 |      177 
87903 |      180 
88257 |        2 
88257 |        7 
88257 |       36 
88257 |       48 
88257 |       61 
88257 |       86 
88257 |       88 
88257 |       90 
88257 |       94 
88257 |      121 
88257 |      125 
88257 |      127 
88257 |      130 
88257 |      141 
88257 |      146 
88257 |      177 
88257 |      179 
