INSERT INTO `performance` (`time`, `duration`, `break`, `performance_type_id`, `event_id`) VALUES
('14:00:00', 174, 5, 3, 1),
('16:59:00', 21, 20, 2, 1),
('17:40:00', 120, 20, 4, 1),
('20:00:00', 51, 25, 2, 1),
('21:16:00', 62, 30, 3, 1),
('13:00:00', 132, 15, 3, 2),
('15:27:00', 78, 20, 1, 2),
('17:05:00', 69, 15, 3, 2),
('18:29:00', 23, 10, 3, 2),
('19:02:00', 157, 15, 2, 2),
('14:30:00', 51, 15, 3, 3),
('15:36:00', 178, 20, 2, 3),
('18:54:00', 47, 5, 4, 3),
('19:46:00', 101, 30, 4, 3),
('21:57:00', 140, 5, 2, 3),
('10:30:00', 55, 25, 2, 4),
('11:50:00', 29, 5, 4, 4),
('12:24:00', 84, 30, 1, 4),
('14:18:00', 26, 20, 4, 4),
('15:04:00', 56, 5, 1, 4),
('12:30:00', 42, 20, 2, 5),
('13:32:00', 41, 15, 1, 5),
('14:28:00', 54, 10, 1, 5),
('15:32:00', 145, 5, 1, 5),
('18:02:00', 54, 15, 3, 5),
('12:00:00', 56, 15, 4, 6),
('13:11:00', 113, 30, 1, 6),
('15:34:00', 155, 10, 1, 6),
('18:19:00', 179, 5, 1, 6),
('21:23:00', 72, 5, 2, 6),
('13:30:00', 102, 5, 4, 7),
('15:17:00', 131, 20, 3, 7),
('17:48:00', 45, 30, 1, 7),
('19:03:00', 51, 25, 1, 7),
('20:19:00', 178, 5, 4, 7),
('13:30:00', 175, 20, 4, 8),
('16:45:00', 171, 25, 4, 8),
('20:01:00', 48, 25, 1, 8),
('21:14:00', 78, 10, 2, 8),
('22:42:00', 176, 5, 4, 8),
('13:00:00', 168, 20, 4, 9),
('16:08:00', 35, 30, 1, 9),
('17:13:00', 79, 5, 1, 9),
('18:37:00', 150, 20, 1, 9),
('21:27:00', 90, 10, 3, 9),
('11:00:00', 155, 30, 3, 10),
('14:05:00', 137, 30, 2, 10),
('16:52:00', 61, 25, 1, 10),
('18:18:00', 104, 20, 3, 10),
('20:22:00', 68, 25, 3, 10),
('11:30:00', 88, 25, 2, 11),
('13:23:00', 104, 30, 2, 11),
('15:37:00', 41, 5, 4, 11),
('16:23:00', 38, 5, 4, 11),
('17:06:00', 80, 20, 4, 11),
('13:00:00', 83, 15, 4, 12),
('14:38:00', 149, 20, 1, 12),
('17:27:00', 126, 25, 1, 12),
('19:58:00', 25, 30, 2, 12),
('20:53:00', 116, 5, 1, 12),
('10:00:00', 57, 25, 2, 13),
('11:22:00', 104, 15, 1, 13),
('13:21:00', 25, 25, 1, 13),
('14:11:00', 142, 30, 4, 13),
('17:03:00', 169, 30, 3, 13),
('13:30:00', 27, 30, 3, 14),
('14:27:00', 94, 20, 2, 14),
('16:21:00', 116, 30, 3, 14),
('18:47:00', 62, 30, 1, 14),
('20:19:00', 35, 15, 4, 14),
('12:00:00', 39, 25, 3, 15),
('13:04:00', 141, 20, 4, 15),
('15:45:00', 61, 30, 3, 15),
('17:16:00', 133, 15, 2, 15),
('19:44:00', 85, 25, 4, 15),
('12:00:00', 72, 10, 1, 16),
('13:22:00', 118, 20, 2, 16),
('15:40:00', 93, 10, 2, 16),
('17:23:00', 65, 30, 3, 16),
('18:58:00', 63, 10, 2, 16),
('14:30:00', 34, 20, 3, 17),
('15:24:00', 35, 20, 2, 17),
('16:19:00', 38, 25, 3, 17),
('17:22:00', 121, 10, 4, 17),
('19:33:00', 179, 20, 2, 17),
('13:00:00', 145, 20, 2, 18),
('15:45:00', 125, 25, 3, 18),
('18:15:00', 54, 25, 3, 18),
('19:34:00', 82, 15, 3, 18),
('21:11:00', 155, 5, 1, 18),
('11:00:00', 163, 30, 2, 19),
('14:13:00', 139, 25, 1, 19),
('16:57:00', 45, 25, 4, 19),
('18:07:00', 126, 5, 1, 19),
('20:18:00', 68, 5, 1, 19),
('10:00:00', 151, 25, 4, 20),
('12:56:00', 100, 15, 2, 20),
('14:51:00', 167, 20, 3, 20),
('17:58:00', 27, 10, 3, 20),
('18:35:00', 80, 25, 2, 20),
('13:00:00', 164, 25, 1, 21),
('16:09:00', 69, 25, 1, 21),
('17:43:00', 55, 25, 4, 21),
('19:03:00', 27, 15, 3, 21),
('19:45:00', 121, 30, 3, 21),
('14:30:00', 138, 20, 1, 22),
('17:08:00', 68, 10, 2, 22),
('18:26:00', 136, 15, 4, 22),
('20:57:00', 160, 15, 1, 22),
('23:52:00', 95, 20, 4, 22),
('11:30:00', 74, 10, 4, 23),
('12:54:00', 138, 10, 2, 23),
('15:22:00', 108, 10, 4, 23),
('17:20:00', 88, 15, 3, 23),
('19:03:00', 101, 15, 3, 23),
('13:30:00', 166, 5, 1, 24),
('16:21:00', 51, 10, 3, 24),
('17:22:00', 92, 25, 1, 24),
('19:19:00', 83, 25, 4, 24),
('21:07:00', 92, 5, 4, 24),
('13:30:00', 25, 15, 1, 25),
('14:10:00', 69, 25, 4, 25),
('15:44:00', 124, 30, 2, 25),
('18:18:00', 24, 30, 2, 25),
('19:12:00', 41, 30, 3, 25),
('10:00:00', 121, 15, 1, 26),
('12:16:00', 139, 5, 3, 26),
('14:40:00', 159, 20, 4, 26),
('17:39:00', 43, 30, 3, 26),
('18:52:00', 104, 10, 2, 26),
('12:00:00', 130, 25, 4, 27),
('14:35:00', 67, 25, 4, 27),
('16:07:00', 72, 5, 3, 27),
('17:24:00', 115, 5, 2, 27),
('19:24:00', 57, 15, 4, 27),
('14:30:00', 175, 15, 4, 28),
('17:40:00', 80, 20, 4, 28),
('19:20:00', 87, 20, 3, 28),
('21:07:00', 84, 20, 2, 28),
('22:51:00', 127, 20, 2, 28),
('11:00:00', 45, 25, 4, 29),
('12:10:00', 137, 15, 1, 29),
('14:42:00', 57, 30, 3, 29),
('16:09:00', 98, 20, 3, 29),
('18:07:00', 53, 15, 2, 29),
('10:30:00', 108, 15, 1, 30),
('12:33:00', 25, 25, 3, 30),
('13:23:00', 142, 10, 1, 30),
('15:55:00', 63, 5, 1, 30),
('17:03:00', 162, 15, 2, 30),
('12:30:00', 84, 15, 4, 31),
('14:09:00', 158, 20, 3, 31),
('17:07:00', 60, 15, 3, 31),
('18:22:00', 109, 10, 1, 31),
('20:21:00', 56, 30, 2, 31),
('14:30:00', 34, 15, 3, 32),
('15:19:00', 99, 10, 3, 32),
('17:08:00', 95, 25, 1, 32),
('19:08:00', 24, 30, 3, 32),
('20:02:00', 40, 25, 1, 32),
('14:30:00', 127, 10, 3, 33),
('16:47:00', 140, 20, 3, 33),
('19:27:00', 36, 20, 3, 33),
('20:23:00', 110, 15, 4, 33),
('22:28:00', 171, 25, 4, 33),
('13:00:00', 54, 20, 3, 34),
('14:14:00', 128, 10, 3, 34),
('16:32:00', 57, 25, 1, 34),
('17:54:00', 39, 25, 3, 34),
('18:58:00', 73, 20, 4, 34),
('12:30:00', 170, 5, 4, 35),
('15:25:00', 94, 15, 2, 35),
('17:14:00', 21, 15, 1, 35),
('17:50:00', 119, 10, 3, 35),
('19:59:00', 86, 25, 1, 35),
('11:00:00', 153, 15, 2, 36),
('13:48:00', 149, 5, 1, 36),
('16:22:00', 154, 10, 2, 36),
('19:06:00', 178, 15, 3, 36),
('22:19:00', 39, 30, 3, 36),
('11:00:00', 52, 30, 2, 37),
('12:22:00', 144, 15, 3, 37),
('15:01:00', 141, 25, 4, 37),
('17:47:00', 56, 5, 2, 37),
('18:48:00', 76, 15, 3, 37),
('10:30:00', 109, 15, 4, 38),
('12:34:00', 176, 30, 3, 38),
('16:00:00', 48, 30, 1, 38),
('17:18:00', 41, 10, 3, 38),
('18:09:00', 100, 20, 1, 38),
('12:30:00', 95, 20, 2, 39),
('14:25:00', 51, 15, 2, 39),
('15:31:00', 166, 10, 2, 39),
('18:27:00', 157, 5, 4, 39),
('21:09:00', 42, 15, 3, 39),
('12:30:00', 132, 5, 4, 40),
('14:47:00', 160, 10, 4, 40),
('17:37:00', 172, 10, 3, 40),
('20:39:00', 93, 15, 4, 40),
('22:27:00', 96, 15, 1, 40),
('12:00:00', 105, 20, 3, 41),
('14:05:00', 73, 10, 4, 41),
('15:28:00', 63, 20, 4, 41),
('16:51:00', 77, 5, 1, 41),
('18:13:00', 127, 15, 1, 41),
('11:30:00', 114, 10, 2, 42),
('13:34:00', 87, 30, 2, 42),
('15:31:00', 176, 10, 2, 42),
('18:37:00', 128, 25, 1, 42),
('21:10:00', 55, 30, 3, 42),
('13:30:00', 161, 5, 1, 43),
('16:16:00', 61, 15, 2, 43),
('17:32:00', 79, 20, 4, 43),
('19:11:00', 20, 20, 4, 43),
('19:51:00', 92, 15, 1, 43),
('13:00:00', 129, 5, 4, 44),
('15:14:00', 129, 5, 1, 44),
('17:28:00', 65, 30, 4, 44),
('19:03:00', 58, 25, 3, 44),
('20:26:00', 70, 20, 3, 44),
('14:00:00', 101, 10, 2, 45),
('15:51:00', 173, 10, 4, 45),
('18:54:00', 72, 20, 4, 45),
('20:26:00', 144, 15, 1, 45),
('23:05:00', 124, 5, 4, 45),
('10:30:00', 26, 5, 1, 46),
('11:01:00', 156, 5, 2, 46),
('13:42:00', 90, 5, 4, 46),
('15:17:00', 38, 30, 1, 46),
('16:25:00', 54, 5, 1, 46),
('10:30:00', 129, 30, 4, 47),
('13:09:00', 77, 20, 4, 47),
('14:46:00', 31, 30, 1, 47),
('15:47:00', 112, 10, 1, 47),
('17:49:00', 169, 5, 1, 47),
('14:00:00', 146, 5, 1, 48),
('16:31:00', 140, 30, 3, 48),
('19:21:00', 134, 5, 1, 48),
('21:40:00', 98, 25, 4, 48),
('23:43:00', 175, 5, 1, 48),
('10:00:00', 150, 10, 1, 49),
('12:40:00', 36, 10, 4, 49),
('13:26:00', 45, 25, 2, 49),
('14:36:00', 60, 5, 2, 49),
('15:41:00', 87, 10, 1, 49),
('10:30:00', 63, 15, 4, 50),
('11:48:00', 44, 20, 3, 50),
('12:52:00', 172, 10, 1, 50),
('15:54:00', 130, 30, 4, 50),
('18:34:00', 23, 15, 4, 50),
('14:30:00', 167, 5, 4, 51),
('17:22:00', 49, 15, 1, 51),
('18:26:00', 160, 20, 2, 51),
('21:26:00', 69, 30, 3, 51),
('23:05:00', 25, 5, 1, 51),
('11:30:00', 63, 10, 1, 52),
('12:43:00', 20, 15, 1, 52),
('13:18:00', 46, 5, 3, 52),
('14:09:00', 40, 5, 1, 52),
('14:54:00', 108, 15, 2, 52),
('14:30:00', 91, 25, 2, 53),
('16:26:00', 42, 5, 1, 53),
('17:13:00', 94, 10, 4, 53),
('18:57:00', 139, 30, 1, 53),
('21:46:00', 173, 15, 4, 53),
('11:30:00', 164, 10, 2, 54),
('14:24:00', 104, 5, 3, 54),
('16:13:00', 152, 5, 2, 54),
('18:50:00', 168, 5, 1, 54),
('21:43:00', 170, 10, 1, 54),
('12:00:00', 141, 30, 3, 55),
('14:51:00', 119, 20, 3, 55),
('17:10:00', 102, 5, 3, 55),
('18:57:00', 158, 10, 2, 55),
('21:45:00', 112, 30, 3, 55),
('10:30:00', 132, 30, 1, 56),
('13:12:00', 42, 20, 3, 56),
('14:14:00', 150, 10, 4, 56),
('16:54:00', 45, 5, 4, 56),
('17:44:00', 174, 10, 3, 56),
('13:00:00', 172, 5, 3, 57),
('15:57:00', 41, 30, 1, 57),
('17:08:00', 149, 30, 1, 57),
('20:07:00', 140, 20, 1, 57),
('22:47:00', 51, 30, 1, 57),
('11:00:00', 53, 20, 2, 58),
('12:13:00', 83, 5, 4, 58),
('13:41:00', 106, 25, 4, 58),
('15:52:00', 32, 25, 1, 58),
('16:49:00', 41, 5, 1, 58),
('13:30:00', 23, 5, 1, 59),
('13:58:00', 177, 20, 4, 59),
('17:15:00', 101, 5, 3, 59),
('19:01:00', 104, 20, 4, 59),
('21:05:00', 23, 25, 3, 59),
('10:30:00', 79, 15, 3, 60),
('12:04:00', 162, 30, 2, 60),
('15:16:00', 106, 5, 3, 60),
('17:07:00', 175, 5, 2, 60),
('20:07:00', 26, 5, 3, 60),
('10:30:00', 46, 30, 1, 61),
('11:46:00', 122, 15, 3, 61),
('14:03:00', 40, 10, 3, 61),
('14:53:00', 138, 30, 1, 61),
('17:41:00', 90, 20, 3, 61),
('12:30:00', 35, 10, 4, 62),
('13:15:00', 88, 15, 2, 62),
('14:58:00', 76, 10, 3, 62),
('16:24:00', 124, 25, 3, 62),
('18:53:00', 82, 5, 3, 62),
('11:30:00', 110, 30, 1, 63),
('13:50:00', 100, 15, 1, 63),
('15:45:00', 139, 15, 4, 63),
('18:19:00', 78, 10, 2, 63),
('19:47:00', 147, 15, 3, 63),
('11:30:00', 144, 5, 3, 64),
('13:59:00', 112, 25, 4, 64),
('16:16:00', 126, 5, 4, 64),
('18:27:00', 24, 25, 2, 64),
('19:16:00', 138, 15, 1, 64),
('10:00:00', 127, 15, 3, 65),
('12:22:00', 164, 25, 2, 65),
('15:31:00', 158, 20, 2, 65),
('18:29:00', 106, 5, 2, 65),
('20:20:00', 90, 30, 2, 65),
('14:30:00', 152, 25, 1, 66),
('17:27:00', 31, 20, 3, 66),
('18:18:00', 51, 25, 2, 66),
('19:34:00', 65, 15, 4, 66),
('20:54:00', 113, 15, 2, 66),
('12:30:00', 112, 15, 2, 67),
('14:37:00', 140, 25, 3, 67),
('17:22:00', 106, 30, 3, 67),
('19:38:00', 158, 5, 2, 67),
('22:21:00', 76, 10, 3, 67),
('14:30:00', 146, 15, 3, 68),
('17:11:00', 153, 15, 2, 68),
('19:59:00', 55, 25, 4, 68),
('21:19:00', 56, 10, 2, 68),
('22:25:00', 159, 10, 1, 68),
('14:00:00', 156, 30, 3, 69),
('17:06:00', 138, 10, 2, 69),
('19:34:00', 47, 25, 1, 69),
('20:46:00', 179, 30, 2, 69),
('00:15:00', 177, 20, 1, 69),
('13:00:00', 172, 10, 4, 70),
('16:02:00', 57, 30, 1, 70),
('17:29:00', 70, 10, 2, 70),
('18:49:00', 76, 25, 1, 70),
('20:30:00', 178, 5, 4, 70),
('12:30:00', 141, 30, 4, 71),
('15:21:00', 32, 30, 2, 71),
('16:23:00', 165, 25, 3, 71),
('19:33:00', 81, 5, 1, 71),
('20:59:00', 83, 30, 2, 71),
('11:30:00', 58, 25, 3, 72),
('12:53:00', 23, 20, 1, 72),
('13:36:00', 172, 10, 1, 72),
('16:38:00', 146, 30, 2, 72),
('19:34:00', 65, 15, 2, 72),
('10:00:00', 135, 30, 2, 73),
('12:45:00', 86, 15, 4, 73),
('14:26:00', 165, 30, 2, 73),
('17:41:00', 57, 20, 2, 73),
('18:58:00', 69, 30, 1, 73),
('11:00:00', 27, 15, 1, 74),
('11:42:00', 151, 30, 2, 74),
('14:43:00', 84, 30, 2, 74),
('16:37:00', 163, 20, 2, 74),
('19:40:00', 74, 30, 4, 74),
('12:00:00', 138, 15, 4, 75),
('14:33:00', 127, 15, 3, 75),
('16:55:00', 105, 5, 4, 75),
('18:45:00', 59, 25, 2, 75),
('20:09:00', 54, 5, 4, 75),
('11:30:00', 53, 15, 4, 76),
('12:38:00', 153, 20, 1, 76),
('15:31:00', 137, 30, 3, 76),
('18:18:00', 78, 30, 3, 76),
('20:06:00', 89, 30, 4, 76),
('11:30:00', 98, 15, 3, 77),
('13:23:00', 152, 10, 2, 77),
('16:05:00', 42, 15, 1, 77),
('17:02:00', 20, 20, 2, 77),
('17:42:00', 168, 20, 1, 77),
('11:30:00', 94, 10, 2, 78),
('13:14:00', 89, 10, 3, 78),
('14:53:00', 77, 10, 3, 78),
('16:20:00', 25, 20, 1, 78),
('17:05:00', 139, 30, 2, 78),
('11:30:00', 150, 30, 4, 79),
('14:30:00', 62, 30, 2, 79),
('16:02:00', 139, 5, 4, 79),
('18:26:00', 117, 20, 2, 79),
('20:43:00', 76, 15, 4, 79),
('13:00:00', 119, 25, 1, 80),
('15:24:00', 78, 15, 3, 80),
('16:57:00', 179, 25, 4, 80),
('20:21:00', 94, 25, 3, 80),
('22:20:00', 165, 5, 3, 80),
('10:00:00', 149, 30, 2, 81),
('12:59:00', 126, 15, 3, 81),
('15:20:00', 41, 10, 2, 81),
('16:11:00', 34, 5, 4, 81),
('16:50:00', 135, 5, 1, 81),
('13:00:00', 78, 20, 1, 82),
('14:38:00', 166, 5, 4, 82),
('17:29:00', 33, 30, 2, 82),
('18:32:00', 178, 10, 1, 82),
('21:40:00', 167, 5, 3, 82),
('10:00:00', 47, 5, 3, 83),
('10:52:00', 143, 5, 4, 83),
('13:20:00', 82, 15, 2, 83),
('14:57:00', 76, 5, 1, 83),
('16:18:00', 125, 20, 2, 83),
('13:00:00', 176, 25, 2, 84),
('16:21:00', 92, 20, 3, 84),
('18:13:00', 107, 25, 2, 84),
('20:25:00', 167, 10, 2, 84),
('23:22:00', 97, 5, 2, 84),
('10:30:00', 70, 20, 3, 85),
('12:00:00', 46, 25, 4, 85),
('13:11:00', 49, 25, 3, 85),
('14:25:00', 79, 25, 2, 85),
('16:09:00', 112, 25, 1, 85),
('10:00:00', 90, 5, 3, 86),
('11:35:00', 62, 15, 2, 86),
('12:52:00', 108, 20, 3, 86),
('15:00:00', 88, 30, 3, 86),
('16:58:00', 97, 10, 2, 86),
('11:30:00', 172, 15, 1, 87),
('14:37:00', 67, 5, 3, 87),
('15:49:00', 28, 20, 2, 87),
('16:37:00', 42, 5, 4, 87),
('17:24:00', 64, 15, 2, 87),
('13:30:00', 97, 5, 2, 88),
('15:12:00', 94, 20, 4, 88),
('17:06:00', 135, 30, 4, 88),
('19:51:00', 180, 20, 2, 88),
('23:11:00', 98, 10, 1, 88),
('14:30:00', 167, 30, 1, 89),
('17:47:00', 35, 10, 4, 89),
('18:32:00', 164, 30, 2, 89),
('21:46:00', 74, 5, 1, 89),
('23:05:00', 101, 5, 4, 89),
('10:30:00', 143, 30, 4, 90),
('13:23:00', 20, 10, 3, 90),
('13:53:00', 141, 25, 1, 90),
('16:39:00', 177, 10, 3, 90),
('19:46:00', 64, 15, 4, 90),
('14:30:00', 36, 20, 4, 91),
('15:26:00', 156, 5, 1, 91),
('18:07:00', 108, 10, 2, 91),
('20:05:00', 135, 15, 2, 91),
('22:35:00', 45, 15, 2, 91),
('10:30:00', 127, 5, 4, 92),
('12:42:00', 86, 10, 1, 92),
('14:18:00', 24, 10, 2, 92),
('14:52:00', 32, 5, 3, 92),
('15:29:00', 67, 15, 3, 92),
('13:30:00', 102, 5, 4, 93),
('15:17:00', 137, 10, 3, 93),
('17:44:00', 150, 10, 4, 93),
('20:24:00', 91, 15, 1, 93),
('22:10:00', 79, 30, 4, 93),
('10:00:00', 125, 5, 2, 94),
('12:10:00', 76, 25, 2, 94),
('13:51:00', 161, 10, 1, 94),
('16:42:00', 24, 15, 2, 94),
('17:21:00', 95, 5, 3, 94),
('11:30:00', 62, 10, 2, 95),
('12:42:00', 172, 30, 2, 95),
('16:04:00', 53, 20, 3, 95),
('17:17:00', 96, 25, 1, 95),
('19:18:00', 141, 25, 3, 95),
('11:30:00', 96, 25, 4, 96),
('13:31:00', 42, 10, 2, 96),
('14:23:00', 43, 10, 3, 96),
('15:16:00', 26, 30, 4, 96),
('16:12:00', 60, 20, 2, 96),
('12:00:00', 42, 20, 1, 97),
('13:02:00', 43, 25, 3, 97),
('14:10:00', 109, 10, 2, 97),
('16:09:00', 105, 30, 3, 97),
('18:24:00', 64, 25, 3, 97),
('12:00:00', 61, 20, 2, 98),
('13:21:00', 33, 30, 3, 98),
('14:24:00', 127, 10, 3, 98),
('16:41:00', 90, 30, 2, 98),
('18:41:00', 38, 15, 4, 98),
('13:30:00', 75, 10, 4, 99),
('14:55:00', 51, 20, 2, 99),
('16:06:00', 139, 30, 4, 99),
('18:55:00', 32, 15, 1, 99),
('19:42:00', 127, 15, 4, 99),
('12:00:00', 152, 10, 1, 100),
('14:42:00', 29, 25, 1, 100),
('15:36:00', 42, 20, 2, 100),
('16:38:00', 29, 5, 4, 100),
('17:12:00', 55, 20, 1, 100),
('13:30:00', 138, 10, 4, 101),
('15:58:00', 114, 20, 4, 101),
('18:12:00', 106, 20, 3, 101),
('20:18:00', 178, 10, 3, 101),
('23:26:00', 112, 10, 3, 101),
('12:00:00', 102, 15, 4, 102),
('13:57:00', 171, 5, 1, 102),
('16:53:00', 28, 10, 2, 102),
('17:31:00', 82, 30, 2, 102),
('19:23:00', 172, 15, 4, 102),
('14:30:00', 100, 20, 1, 103),
('16:30:00', 140, 25, 4, 103),
('19:15:00', 173, 10, 1, 103),
('22:18:00', 153, 15, 1, 103),
('01:06:00', 172, 10, 1, 103),
('11:00:00', 111, 15, 4, 104),
('13:06:00', 103, 15, 4, 104),
('15:04:00', 43, 10, 3, 104),
('15:57:00', 141, 30, 1, 104),
('18:48:00', 136, 20, 1, 104),
('10:00:00', 93, 15, 1, 105),
('11:48:00', 69, 25, 1, 105),
('13:22:00', 174, 5, 2, 105),
('16:21:00', 78, 5, 3, 105),
('17:44:00', 138, 25, 4, 105),
('10:30:00', 103, 15, 2, 106),
('12:28:00', 148, 5, 2, 106),
('15:01:00', 124, 20, 1, 106),
('17:25:00', 77, 5, 1, 106),
('18:47:00', 34, 30, 4, 106),
('12:00:00', 92, 20, 3, 107),
('13:52:00', 114, 5, 3, 107),
('15:51:00', 43, 20, 4, 107),
('16:54:00', 51, 10, 1, 107),
('17:55:00', 45, 10, 1, 107),
('14:00:00', 97, 30, 1, 108),
('16:07:00', 43, 25, 3, 108),
('17:15:00', 124, 15, 2, 108),
('19:34:00', 112, 30, 3, 108),
('21:56:00', 149, 10, 3, 108),
('13:30:00', 42, 5, 4, 109),
('14:17:00', 100, 25, 2, 109),
('16:22:00', 101, 5, 4, 109),
('18:08:00', 123, 10, 2, 109),
('20:21:00', 20, 25, 3, 109),
('12:30:00', 180, 20, 2, 110),
('15:50:00', 161, 30, 2, 110),
('19:01:00', 65, 15, 2, 110),
('20:21:00', 35, 15, 2, 110),
('21:11:00', 172, 15, 3, 110),
('13:00:00', 140, 15, 3, 111),
('15:35:00', 127, 25, 2, 111),
('18:07:00', 78, 25, 3, 111),
('19:50:00', 141, 5, 1, 111),
('22:16:00', 61, 30, 2, 111),
('10:00:00', 85, 5, 2, 112),
('11:30:00', 92, 20, 1, 112),
('13:22:00', 167, 20, 4, 112),
('16:29:00', 36, 15, 4, 112),
('17:20:00', 99, 20, 2, 112),
('12:00:00', 70, 5, 3, 113),
('13:15:00', 124, 25, 1, 113),
('15:44:00', 147, 10, 1, 113),
('18:21:00', 127, 20, 1, 113),
('20:48:00', 175, 25, 2, 113),
('14:00:00', 120, 15, 4, 114),
('16:15:00', 38, 30, 3, 114),
('17:23:00', 164, 20, 4, 114),
('20:27:00', 62, 25, 4, 114),
('21:54:00', 118, 20, 2, 114),
('13:30:00', 93, 10, 2, 115),
('15:13:00', 90, 15, 2, 115),
('16:58:00', 114, 10, 3, 115),
('19:02:00', 48, 20, 3, 115),
('20:10:00', 83, 20, 1, 115),
('14:30:00', 130, 5, 1, 116),
('16:45:00', 142, 15, 3, 116),
('19:22:00', 44, 20, 4, 116),
('20:26:00', 152, 30, 3, 116),
('23:28:00', 39, 30, 2, 116),
('13:30:00', 34, 15, 2, 117),
('14:19:00', 127, 10, 2, 117),
('16:36:00', 50, 5, 3, 117),
('17:31:00', 123, 5, 4, 117),
('19:39:00', 162, 15, 3, 117),
('14:30:00', 36, 30, 2, 118),
('15:36:00', 137, 20, 3, 118),
('18:13:00', 175, 10, 4, 118),
('21:18:00', 165, 5, 1, 118),
('00:08:00', 136, 20, 2, 118),
('14:30:00', 49, 5, 3, 119),
('15:24:00', 174, 5, 1, 119),
('18:23:00', 82, 30, 4, 119),
('20:15:00', 176, 15, 4, 119),
('23:26:00', 71, 5, 1, 119),
('13:30:00', 134, 10, 1, 120),
('15:54:00', 23, 10, 3, 120),
('16:27:00', 65, 10, 3, 120),
('17:42:00', 152, 20, 1, 120),
('20:34:00', 69, 20, 1, 120),
('10:00:00', 45, 5, 2, 121),
('10:50:00', 86, 20, 2, 121),
('12:36:00', 96, 30, 2, 121),
('14:42:00', 76, 25, 3, 121),
('16:23:00', 61, 30, 4, 121),
('10:00:00', 116, 25, 1, 122),
('12:21:00', 53, 5, 3, 122),
('13:19:00', 46, 30, 2, 122),
('14:35:00', 108, 10, 1, 122),
('16:33:00', 133, 5, 1, 122),
('10:30:00', 167, 20, 1, 123),
('13:37:00', 39, 15, 4, 123),
('14:31:00', 104, 30, 1, 123),
('16:45:00', 37, 25, 4, 123),
('17:47:00', 110, 5, 4, 123),
('12:30:00', 86, 20, 3, 124),
('14:16:00', 86, 30, 1, 124),
('16:12:00', 81, 30, 4, 124),
('18:03:00', 108, 15, 3, 124),
('20:06:00', 97, 5, 3, 124),
('10:30:00', 160, 15, 1, 125),
('13:25:00', 145, 15, 2, 125),
('16:05:00', 64, 25, 1, 125),
('17:34:00', 71, 25, 2, 125),
('19:10:00', 48, 20, 1, 125),
('11:30:00', 22, 10, 1, 126),
('12:02:00', 84, 25, 1, 126),
('13:51:00', 126, 30, 4, 126),
('16:27:00', 49, 15, 4, 126),
('17:31:00', 74, 5, 4, 126),
('10:00:00', 104, 30, 3, 127),
('12:14:00', 126, 10, 1, 127),
('14:30:00', 99, 20, 3, 127),
('16:29:00', 37, 15, 2, 127),
('17:21:00', 40, 10, 3, 127),
('11:00:00', 86, 10, 2, 128),
('12:36:00', 28, 20, 4, 128),
('13:24:00', 170, 30, 2, 128),
('16:44:00', 143, 5, 1, 128),
('19:12:00', 124, 15, 2, 128),
('12:00:00', 102, 10, 1, 129),
('13:52:00', 170, 5, 2, 129),
('16:47:00', 142, 10, 3, 129),
('19:19:00', 28, 10, 1, 129),
('19:57:00', 174, 10, 1, 129),
('14:30:00', 61, 10, 4, 130),
('15:41:00', 25, 30, 2, 130),
('16:36:00', 167, 25, 3, 130),
('19:48:00', 168, 15, 3, 130),
('22:51:00', 166, 15, 4, 130),
('10:30:00', 133, 10, 2, 131),
('12:53:00', 55, 5, 2, 131),
('13:53:00', 37, 20, 2, 131),
('14:50:00', 93, 20, 2, 131),
('16:43:00', 89, 25, 1, 131),
('14:30:00', 78, 15, 3, 132),
('16:03:00', 97, 30, 1, 132),
('18:10:00', 107, 10, 3, 132),
('20:07:00', 130, 25, 2, 132),
('22:42:00', 28, 20, 4, 132),
('11:30:00', 34, 10, 4, 133),
('12:14:00', 74, 20, 4, 133),
('13:48:00', 179, 20, 3, 133),
('17:07:00', 146, 25, 4, 133),
('19:58:00', 155, 30, 3, 133),
('13:00:00', 168, 15, 4, 134),
('16:03:00', 179, 30, 3, 134),
('19:32:00', 120, 5, 3, 134),
('21:37:00', 140, 5, 3, 134),
('00:02:00', 144, 20, 2, 134),
('14:00:00', 130, 15, 4, 135),
('16:25:00', 146, 25, 1, 135),
('19:16:00', 135, 15, 2, 135),
('21:46:00', 72, 30, 3, 135),
('23:28:00', 59, 5, 4, 135),
('12:30:00', 46, 20, 3, 136),
('13:36:00', 91, 10, 2, 136),
('15:17:00', 90, 5, 4, 136),
('16:52:00', 65, 10, 3, 136),
('18:07:00', 44, 30, 4, 136),
('13:00:00', 50, 20, 2, 137),
('14:10:00', 58, 20, 4, 137),
('15:28:00', 64, 25, 3, 137),
('16:57:00', 174, 20, 3, 137),
('20:11:00', 53, 20, 1, 137),
('14:30:00', 119, 10, 1, 138),
('16:39:00', 51, 25, 1, 138),
('17:55:00', 84, 30, 2, 138),
('19:49:00', 60, 30, 2, 138),
('21:19:00', 138, 20, 3, 138),
('13:00:00', 26, 10, 1, 139),
('13:36:00', 100, 5, 2, 139),
('15:21:00', 104, 10, 2, 139),
('17:15:00', 80, 15, 1, 139),
('18:50:00', 147, 10, 1, 139),
('14:00:00', 88, 15, 1, 140),
('15:43:00', 177, 5, 4, 140),
('18:45:00', 72, 20, 1, 140),
('20:17:00', 68, 25, 1, 140),
('21:50:00', 157, 15, 3, 140),
('12:30:00', 171, 30, 2, 141),
('15:51:00', 143, 25, 4, 141),
('18:39:00', 27, 5, 4, 141),
('19:11:00', 176, 15, 3, 141),
('22:22:00', 97, 5, 1, 141),
('12:00:00', 114, 20, 3, 142),
('14:14:00', 78, 15, 3, 142),
('15:47:00', 171, 15, 1, 142),
('18:53:00', 112, 30, 1, 142),
('21:15:00', 81, 20, 4, 142),
('14:00:00', 72, 5, 3, 143),
('15:17:00', 23, 15, 4, 143),
('15:55:00', 160, 10, 2, 143),
('18:45:00', 154, 10, 2, 143),
('21:29:00', 85, 20, 4, 143),
('11:30:00', 83, 15, 4, 144),
('13:08:00', 134, 10, 3, 144),
('15:32:00', 151, 10, 2, 144),
('18:13:00', 58, 10, 3, 144),
('19:21:00', 47, 5, 3, 144),
('12:30:00', 89, 10, 4, 145),
('14:09:00', 164, 25, 4, 145),
('17:18:00', 46, 15, 1, 145),
('18:19:00', 137, 5, 4, 145),
('20:41:00', 105, 30, 4, 145),
('12:30:00', 125, 15, 4, 146),
('14:50:00', 107, 25, 4, 146),
('17:02:00', 84, 5, 1, 146),
('18:31:00', 58, 30, 3, 146),
('19:59:00', 114, 20, 4, 146),
('13:30:00', 104, 25, 4, 147),
('15:39:00', 29, 20, 2, 147),
('16:28:00', 116, 10, 1, 147),
('18:34:00', 94, 15, 2, 147),
('20:23:00', 139, 10, 3, 147),
('12:00:00', 61, 25, 1, 148),
('13:26:00', 109, 15, 3, 148),
('15:30:00', 105, 25, 1, 148),
('17:40:00', 98, 10, 3, 148),
('19:28:00', 49, 10, 4, 148),
('12:30:00', 90, 20, 4, 149),
('14:20:00', 82, 30, 2, 149),
('16:12:00', 150, 5, 3, 149),
('18:47:00', 177, 25, 3, 149),
('22:09:00', 177, 20, 3, 149),
('14:00:00', 131, 20, 3, 150),
('16:31:00', 22, 30, 4, 150),
('17:23:00', 139, 15, 1, 150),
('19:57:00', 143, 20, 4, 150),
('22:40:00', 167, 10, 3, 150),
('10:30:00', 158, 15, 3, 151),
('13:23:00', 78, 20, 1, 151),
('15:01:00', 85, 25, 3, 151),
('16:51:00', 90, 5, 4, 151),
('18:26:00', 139, 30, 3, 151),
('14:00:00', 120, 20, 2, 152),
('16:20:00', 121, 10, 1, 152),
('18:31:00', 180, 25, 4, 152),
('21:56:00', 114, 5, 2, 152),
('23:55:00', 59, 10, 1, 152),
('12:30:00', 136, 25, 1, 153),
('15:11:00', 46, 10, 1, 153),
('16:07:00', 37, 25, 4, 153),
('17:09:00', 60, 10, 1, 153),
('18:19:00', 101, 15, 1, 153),
('14:30:00', 102, 15, 4, 154),
('16:27:00', 74, 5, 2, 154),
('17:46:00', 123, 15, 1, 154),
('20:04:00', 51, 5, 2, 154),
('21:00:00', 90, 10, 1, 154),
('14:00:00', 144, 15, 2, 155),
('16:39:00', 124, 15, 4, 155),
('18:58:00', 38, 15, 4, 155),
('19:51:00', 30, 5, 2, 155),
('20:26:00', 170, 5, 1, 155),
('13:00:00', 179, 5, 3, 156),
('16:04:00', 39, 20, 2, 156),
('17:03:00', 99, 30, 2, 156),
('19:12:00', 113, 5, 4, 156),
('21:10:00', 171, 25, 4, 156),
('13:00:00', 62, 15, 3, 157),
('14:17:00', 25, 15, 2, 157),
('14:57:00', 76, 10, 4, 157),
('16:23:00', 180, 15, 2, 157),
('19:38:00', 134, 10, 1, 157),
('12:00:00', 30, 30, 3, 158),
('13:00:00', 180, 10, 1, 158),
('16:10:00', 159, 15, 3, 158),
('19:04:00', 115, 5, 2, 158),
('21:04:00', 137, 15, 4, 158),
('11:30:00', 95, 25, 3, 159),
('13:30:00', 95, 5, 4, 159),
('15:10:00', 34, 15, 4, 159),
('15:59:00', 93, 5, 4, 159),
('17:37:00', 84, 5, 2, 159),
('13:30:00', 89, 25, 1, 160),
('15:24:00', 52, 20, 1, 160),
('16:36:00', 35, 5, 4, 160),
('17:16:00', 63, 25, 3, 160),
('18:44:00', 100, 20, 1, 160),
('10:30:00', 134, 15, 4, 161),
('12:59:00', 131, 25, 4, 161),
('15:35:00', 44, 30, 3, 161),
('16:49:00', 151, 15, 2, 161),
('19:35:00', 30, 20, 2, 161),
('12:00:00', 21, 10, 2, 162),
('12:31:00', 62, 25, 1, 162),
('13:58:00', 101, 30, 1, 162),
('16:09:00', 134, 25, 3, 162),
('18:48:00', 38, 15, 3, 162),
('13:30:00', 75, 5, 4, 163),
('14:50:00', 73, 20, 1, 163),
('16:23:00', 76, 20, 2, 163),
('17:59:00', 130, 15, 4, 163),
('20:24:00', 58, 20, 1, 163),
('14:30:00', 71, 5, 2, 164),
('15:46:00', 166, 10, 1, 164),
('18:42:00', 36, 20, 1, 164),
('19:38:00', 91, 20, 1, 164),
('21:29:00', 99, 5, 2, 164),
('12:00:00', 65, 10, 4, 165),
('13:15:00', 77, 20, 2, 165),
('14:52:00', 113, 5, 1, 165),
('16:50:00', 28, 20, 4, 165),
('17:38:00', 93, 25, 2, 165),
('11:30:00', 106, 15, 3, 166),
('13:31:00', 144, 10, 3, 166),
('16:05:00', 21, 15, 2, 166),
('16:41:00', 154, 5, 2, 166),
('19:20:00', 98, 10, 1, 166),
('10:30:00', 133, 5, 3, 167),
('12:48:00', 142, 10, 2, 167),
('15:20:00', 124, 30, 4, 167),
('17:54:00', 96, 15, 4, 167),
('19:45:00', 112, 30, 2, 167),
('14:30:00', 166, 25, 3, 168),
('17:41:00', 35, 10, 1, 168),
('18:26:00', 171, 5, 1, 168),
('21:22:00', 23, 10, 3, 168),
('21:55:00', 141, 20, 1, 168),
('12:00:00', 126, 15, 4, 169),
('14:21:00', 37, 15, 3, 169),
('15:13:00', 154, 30, 3, 169),
('18:17:00', 33, 20, 2, 169),
('19:10:00', 154, 5, 4, 169),
('12:30:00', 39, 30, 4, 170),
('13:39:00', 30, 10, 4, 170),
('14:19:00', 164, 25, 4, 170),
('17:28:00', 152, 30, 3, 170),
('20:30:00', 138, 25, 3, 170),
('13:00:00', 68, 5, 4, 171),
('14:13:00', 169, 10, 3, 171),
('17:12:00', 43, 25, 3, 171),
('18:20:00', 175, 30, 2, 171),
('21:45:00', 139, 15, 1, 171),
('11:30:00', 44, 25, 4, 172),
('12:39:00', 92, 30, 4, 172),
('14:41:00', 122, 5, 4, 172),
('16:48:00', 30, 10, 2, 172),
('17:28:00', 134, 15, 3, 172),
('11:30:00', 69, 20, 4, 173),
('12:59:00', 30, 30, 4, 173),
('13:59:00', 40, 25, 3, 173),
('15:04:00', 158, 20, 2, 173),
('18:02:00', 144, 15, 2, 173),
('10:30:00', 84, 25, 2, 174),
('12:19:00', 171, 10, 1, 174),
('15:20:00', 136, 10, 1, 174),
('17:46:00', 48, 25, 2, 174),
('18:59:00', 153, 20, 2, 174),
('13:00:00', 164, 20, 3, 175),
('16:04:00', 47, 20, 1, 175),
('17:11:00', 127, 25, 3, 175),
('19:43:00', 157, 25, 4, 175),
('22:45:00', 59, 15, 2, 175),
('13:30:00', 84, 5, 3, 176),
('14:59:00', 67, 25, 3, 176),
('16:31:00', 131, 30, 1, 176),
('19:12:00', 36, 20, 4, 176),
('20:08:00', 21, 25, 3, 176),
('13:00:00', 179, 10, 2, 177),
('16:09:00', 134, 5, 4, 177),
('18:28:00', 45, 30, 4, 177),
('19:43:00', 35, 5, 2, 177),
('20:23:00', 82, 15, 1, 177),
('13:30:00', 62, 15, 2, 178),
('14:47:00', 165, 15, 2, 178),
('17:47:00', 44, 20, 1, 178),
('18:51:00', 129, 30, 1, 178),
('21:30:00', 68, 20, 3, 178),
('12:00:00', 86, 10, 3, 179),
('13:36:00', 157, 20, 3, 179),
('16:33:00', 161, 30, 4, 179),
('19:44:00', 134, 15, 3, 179),
('22:13:00', 146, 10, 3, 179),
('13:00:00', 156, 5, 1, 180),
('15:41:00', 167, 25, 3, 180),
('18:53:00', 173, 20, 2, 180),
('22:06:00', 126, 10, 4, 180),
('00:22:00', 83, 25, 2, 180);
